site,wildtype,mutant,mutation,effect,log2effect
225,A,*,A225*,0.0223,-5.4868
225,A,A,A225A,1,0
225,A,C,A225C,0.65543,-0.60948
225,A,D,A225D,0.038249,-4.7084
225,A,E,A225E,0.034616,-4.8524
225,A,F,A225F,0.044304,-4.4964
225,A,G,A225G,0.084178,-3.5704
225,A,H,A225H,0.048409,-4.3686
225,A,I,A225I,0.23035,-2.1181
225,A,K,A225K,0.06746,-3.8898
225,A,L,A225L,0.014679,-6.0901
225,A,M,A225M,0.085152,-3.5538
225,A,N,A225N,0.066929,-3.9012
225,A,P,A225P,0.05157,-4.2773
225,A,Q,A225Q,0.038692,-4.6918
225,A,R,A225R,0.010692,-6.5473
225,A,S,A225S,0.027882,-5.1645
225,A,T,A225T,0.062912,-3.9905
225,A,V,A225V,0.29173,-1.7773
225,A,W,A225W,0.026907,-5.2159
225,A,Y,A225Y,0.051127,-4.2898
226,K,*,K226*,0.012173,-6.3601
226,K,A,K226A,0.012443,-6.3286
226,K,C,K226C,0.019373,-5.6898
226,K,D,K226D,0.038243,-4.7086
226,K,E,K226E,0.0532,-4.2324
226,K,F,K226F,0.023377,-5.4188
226,K,G,K226G,0.0052068,-7.5854
226,K,H,K226H,0.053756,-4.2174
226,K,I,K226I,0.030756,-5.023
226,K,K,K226K,1,0
226,K,L,K226L,0.018888,-5.7264
226,K,M,K226M,0.018475,-5.7583
226,K,N,K226N,0.065283,-3.9371
226,K,P,K226P,0.022533,-5.4718
226,K,Q,K226Q,0.047669,-4.3908
226,K,R,K226R,0.26119,-1.9369
226,K,S,K226S,0.0091569,-6.7709
226,K,T,K226T,0.028153,-5.1506
226,K,V,K226V,0.022336,-5.4845
226,K,W,K226W,0.010845,-6.5269
226,K,Y,K226Y,0.042391,-4.5601
227,S,*,S227*,0.024957,-5.3244
227,S,A,S227A,0.28841,-1.7938
227,S,C,S227C,1.3018,0.38049
227,S,D,S227D,0.054063,-4.2092
227,S,E,S227E,0.042709,-4.5493
227,S,F,S227F,0.041614,-4.5868
227,S,G,S227G,0.03562,-4.8112
227,S,H,S227H,0.066686,-3.9065
227,S,I,S227I,0.079885,-3.6459
227,S,K,S227K,0.071066,-3.8147
227,S,L,S227L,0.015216,-6.0383
227,S,M,S227M,0.050663,-4.3029
227,S,N,S227N,0.82847,-0.27147
227,S,P,S227P,0.050202,-4.3161
227,S,Q,S227Q,0.047262,-4.4032
227,S,R,S227R,0.010317,-6.5988
227,S,S,S227S,1,0
227,S,T,S227T,1.3503,0.43324
227,S,V,S227V,0.32674,-1.6138
227,S,W,S227W,0.023573,-5.4067
227,S,Y,S227Y,0.054236,-4.2046
228,N,*,N228*,0.016641,-5.9091
228,N,A,N228A,0.013438,-6.2175
228,N,C,N228C,0.019412,-5.6869
228,N,D,N228D,0.066229,-3.9164
228,N,E,N228E,0.024698,-5.3395
228,N,F,N228F,0.020533,-5.6059
228,N,G,N228G,0.0057179,-7.4503
228,N,H,N228H,0.055898,-4.1611
228,N,I,N228I,0.042236,-4.5654
228,N,K,N228K,0.040506,-4.6257
228,N,L,N228L,0.0094979,-6.7182
228,N,M,N228M,0.027629,-5.1777
228,N,N,N228N,1,0
228,N,P,N228P,0.07664,-3.7058
228,N,Q,N228Q,0.072123,-3.7934
228,N,R,N228R,0.009594,-6.7037
228,N,S,N228S,0.022375,-5.482
228,N,T,N228T,0.032914,-4.9251
228,N,V,N228V,0.0090334,-6.7905
228,N,W,N228W,0.016673,-5.9063
228,N,Y,N228Y,0.019861,-5.6539
229,I,*,I229*,0.0085689,-6.8667
229,I,A,I229A,0.24288,-2.0417
229,I,C,I229C,1.0867,0.11992
229,I,D,I229D,0.01438,-6.1198
229,I,E,I229E,0.011327,-6.4641
229,I,F,I229F,0.0099478,-6.6514
229,I,G,I229G,0.0031518,-8.3096
229,I,H,I229H,0.018024,-5.7939
229,I,I,I229I,1,0
229,I,K,I229K,0.018024,-5.7939
229,I,L,I229L,1.8843,0.91401
229,I,M,I229M,2.3825,1.2525
229,I,N,I229N,0.071013,-3.8158
229,I,P,I229P,0.22762,-2.1353
229,I,Q,I229Q,0.017827,-5.8098
229,I,R,I229R,0.0040382,-7.9521
229,I,S,I229S,0.091008,-3.4579
229,I,T,I229T,2.1516,1.1054
229,I,V,I229V,0.58505,-0.77337
229,I,W,I229W,0.0074855,-7.0617
229,I,Y,I229Y,0.013888,-6.1701
230,I,*,I230*,0.033374,-4.9051
230,I,A,I230A,0.032108,-4.9609
230,I,C,I230C,0.044544,-4.4886
230,I,D,I230D,0.06661,-3.9081
230,I,E,I230E,0.048176,-4.3755
230,I,F,I230F,0.060089,-4.0568
230,I,G,I230G,0.012546,-6.3166
230,I,H,I230H,0.091042,-3.4573
230,I,I,I230I,1,0
230,I,K,I230K,0.094041,-3.4106
230,I,L,I230L,0.015683,-5.9947
230,I,M,I230M,0.038491,-4.6993
230,I,N,I230N,0.086062,-3.5385
230,I,P,I230P,0.028944,-5.1106
230,I,Q,I230Q,0.06284,-3.9922
230,I,R,I230R,0.016563,-5.9159
230,I,S,I230S,0.019755,-5.6617
230,I,T,I230T,0.07811,-3.6783
230,I,V,I230V,0.82922,-0.27017
230,I,W,I230W,0.03508,-4.8332
230,I,Y,I230Y,0.058026,-4.1072
231,K,*,K231*,0.039162,-4.6744
231,K,A,K231A,0.041006,-4.608
231,K,C,K231C,0.087285,-3.5181
231,K,D,K231D,0.067741,-3.8838
231,K,E,K231E,0.051958,-4.2665
231,K,F,K231F,0.10008,-3.3208
231,K,G,K231G,0.078287,-3.6751
231,K,H,K231H,0.090272,-3.4696
231,K,I,K231I,0.09525,-3.3921
231,K,K,K231K,1,0
231,K,L,K231L,0.028247,-5.1458
231,K,M,K231M,0.067999,-3.8783
231,K,N,K231N,0.22192,-2.1719
231,K,P,K231P,0.038462,-4.7004
231,K,Q,K231Q,0.11609,-3.1067
231,K,R,K231R,1.2747,0.3501
231,K,S,K231S,0.038462,-4.7004
231,K,T,K231T,0.11723,-3.0926
231,K,V,K231V,0.0288,-5.1178
231,K,W,K231W,0.04167,-4.5849
231,K,Y,K231Y,0.063058,-3.9872
232,S,*,S232*,0.031893,-4.9706
232,S,A,S232A,0.24019,-2.0577
232,S,C,S232C,0.7351,-0.44398
232,S,D,S232D,0.081939,-3.6093
232,S,E,S232E,0.063999,-3.9658
232,S,F,S232F,0.073325,-3.7695
232,S,G,S232G,1.3747,0.45916
232,S,H,S232H,0.11938,-3.0663
232,S,I,S232I,0.26084,-1.9388
232,S,K,S232K,0.075675,-3.724
232,S,L,S232L,0.39183,-1.3517
232,S,M,S232M,0.67331,-0.57066
232,S,N,S232N,0.38983,-1.3591
232,S,P,S232P,0.026198,-5.2544
232,S,Q,S232Q,0.079448,-3.6539
232,S,R,S232R,0.016658,-5.9076
232,S,S,S232S,1,0
232,S,T,S232T,1.0382,0.054124
232,S,V,S232V,0.31644,-1.66
232,S,W,S232W,0.031822,-4.9738
232,S,Y,S232Y,0.098099,-3.3496
233,V,*,V233*,0.043466,-4.524
233,V,A,V233A,0.67278,-0.57179
233,V,C,V233C,0.83959,-0.25224
233,V,D,V233D,0.16724,-2.58
233,V,E,V233E,0.028857,-5.1149
233,V,F,V233F,0.17717,-2.4968
233,V,G,V233G,0.0073402,-7.09
233,V,H,V233H,0.16026,-2.6415
233,V,I,V233I,1.9386,0.95503
233,V,K,V233K,0.092761,-3.4303
233,V,L,V233L,0.033607,-4.8951
233,V,M,V233M,0.07405,-3.7554
233,V,N,V233N,0.16811,-2.5726
233,V,P,V233P,0.050374,-4.3112
233,V,Q,V233Q,0.11478,-3.123
233,V,R,V233R,0.020438,-5.6126
233,V,S,V233S,0.31894,-1.6486
233,V,T,V233T,0.95963,-0.059452
233,V,V,V233V,1,0
233,V,W,V233W,0.043322,-4.5288
233,V,Y,V233Y,0.2849,-1.8115
234,S,*,S234*,0.024156,-5.3715
234,S,A,S234A,0.4664,-1.1004
234,S,C,S234C,0.90914,-0.13742
234,S,D,S234D,0.024239,-5.3665
234,S,E,S234E,0.039265,-4.6706
234,S,F,S234F,0.079899,-3.6457
234,S,G,S234G,0.062342,-4.0037
234,S,H,S234H,0.055991,-4.1587
234,S,I,S234I,0.060432,-4.0485
234,S,K,S234K,0.077325,-3.6929
234,S,L,S234L,0.019757,-5.6615
234,S,M,S234M,0.095795,-3.3839
234,S,N,S234N,0.13062,-2.9366
234,S,P,S234P,0.012203,-6.3567
234,S,Q,S234Q,0.10522,-3.2486
234,S,R,S234R,0.018719,-5.7393
234,S,S,S234S,1,0
234,S,T,S234T,0.75478,-0.40587
234,S,V,S234V,0.1356,-2.8826
234,S,W,S234W,0.026647,-5.2299
234,S,Y,S234Y,0.05209,-4.2629
235,T,*,T235*,0.085766,-3.5435
235,T,A,T235A,0.13656,-2.8724
235,T,C,T235C,0.36822,-1.4414
235,T,D,T235D,0.084081,-3.5721
235,T,E,T235E,0.10334,-3.2745
235,T,F,T235F,0.15853,-2.6572
235,T,G,T235G,0.070178,-3.8328
235,T,H,T235H,0.12657,-2.982
235,T,I,T235I,1.1965,0.25883
235,T,K,T235K,0.13969,-2.8397
235,T,L,T235L,0.33181,-1.5916
235,T,M,T235M,0.26915,-1.8935
235,T,N,T235N,0.081312,-3.6204
235,T,P,T235P,0.030394,-5.0401
235,T,Q,T235Q,0.15552,-2.6848
235,T,R,T235R,0.026542,-5.2356
235,T,S,T235S,0.3663,-1.4489
235,T,T,T235T,1,0
235,T,V,T235V,1.0647,0.090448
235,T,W,T235W,0.0969,-3.3674
235,T,Y,T235Y,0.12651,-2.9827
236,T,*,T236*,0.05414,-4.2072
236,T,A,T236A,0.42701,-1.2277
236,T,C,T236C,1.3726,0.45695
236,T,D,T236D,0.088197,-3.5031
236,T,E,T236E,0.071991,-3.796
236,T,F,T236F,0.13329,-2.9073
236,T,G,T236G,0.022196,-5.4935
236,T,H,T236H,0.12296,-3.0237
236,T,I,T236I,0.12261,-3.0279
236,T,K,T236K,0.11744,-3.09
236,T,L,T236L,3.717,1.8941
236,T,M,T236M,1.4732,0.55892
236,T,N,T236N,0.26706,-1.9048
236,T,P,T236P,0.061538,-4.0224
236,T,Q,T236Q,0.8788,-0.18639
236,T,R,T236R,0.027129,-5.204
236,T,S,T236S,0.84216,-0.24783
236,T,T,T236T,1,0
236,T,V,T236V,0.74633,-0.42211
236,T,W,T236W,0.060129,-4.0558
236,T,Y,T236Y,0.13799,-2.8573
237,S,*,S237*,0.030534,-5.0335
237,S,A,S237A,0.69143,-0.53235
237,S,C,S237C,0.072908,-3.7778
237,S,D,S237D,0.069329,-3.8504
237,S,E,S237E,0.038224,-4.7094
237,S,F,S237F,0.10245,-3.287
237,S,G,S237G,0.60588,-0.7229
237,S,H,S237H,0.10451,-3.2583
237,S,I,S237I,0.076144,-3.7151
237,S,K,S237K,0.052882,-4.2411
237,S,L,S237L,0.026803,-5.2215
237,S,M,S237M,0.048313,-4.3714
237,S,N,S237N,0.11646,-3.1021
237,S,P,S237P,0.042641,-4.5516
237,S,Q,S237Q,0.065636,-3.9294
237,S,R,S237R,0.015038,-6.0552
237,S,S,S237S,1,0
237,S,T,S237T,0.51492,-0.95757
237,S,V,S237V,0.019341,-5.6922
237,S,W,S237W,0.019379,-5.6894
237,S,Y,S237Y,0.094266,-3.4071
238,Q,*,Q238*,0.015646,-5.9981
238,Q,A,Q238A,1.0966,0.13308
238,Q,C,Q238C,0.36333,-1.4606
238,Q,D,Q238D,0.4207,-1.2491
238,Q,E,Q238E,0.038654,-4.6932
238,Q,F,Q238F,0.26618,-1.9095
238,Q,G,Q238G,1.613,0.68979
238,Q,H,Q238H,0.34237,-1.5464
238,Q,I,Q238I,1.2178,0.28429
238,Q,K,Q238K,0.42366,-1.239
238,Q,L,Q238L,0.24849,-2.0087
238,Q,M,Q238M,0.19552,-2.3546
238,Q,N,Q238N,0.32161,-1.6366
238,Q,P,Q238P,0.073014,-3.7757
238,Q,Q,Q238Q,1,0
238,Q,R,Q238R,0.18039,-2.4708
238,Q,S,Q238S,1.139,0.18773
238,Q,T,Q238T,0.54055,-0.88751
238,Q,V,Q238V,0.40372,-1.3086
238,Q,W,Q238W,0.043665,-4.5174
238,Q,Y,Q238Y,0.28214,-1.8255
239,L,*,L239*,0.07729,-3.6936
239,L,A,L239A,0.13707,-2.867
239,L,C,L239C,1.0644,0.089989
239,L,D,L239D,0.19758,-2.3395
239,L,E,L239E,0.21665,-2.2066
239,L,F,L239F,1.9365,0.95342
239,L,G,L239G,0.062345,-4.0036
239,L,H,L239H,0.23187,-2.1086
239,L,I,L239I,1.136,0.18392
239,L,K,L239K,0.23664,-2.0793
239,L,L,L239L,1,0
239,L,M,L239M,0.44173,-1.1787
239,L,N,L239N,0.21152,-2.2412
239,L,P,L239P,0.018245,-5.7763
239,L,Q,L239Q,0.15696,-2.6715
239,L,R,L239R,0.03319,-4.9131
239,L,S,L239S,0.097369,-3.3604
239,L,T,L239T,0.24067,-2.0549
239,L,V,L239V,1.3755,0.46
239,L,W,L239W,0.14284,-2.8075
239,L,Y,L239Y,0.15403,-2.6987
240,L,*,L240*,0.099573,-3.3281
240,L,A,L240A,0.047477,-4.3966
240,L,C,L240C,0.073543,-3.7653
240,L,D,L240D,0.059023,-4.0826
240,L,E,L240E,0.14614,-2.7746
240,L,F,L240F,0.049857,-4.3261
240,L,G,L240G,0.022112,-5.499
240,L,H,L240H,0.039815,-4.6505
240,L,I,L240I,0.34802,-1.5228
240,L,K,L240K,0.28042,-1.8343
240,L,L,L240L,1,0
240,L,M,L240M,0.65006,-0.62136
240,L,N,L240N,0.078546,-3.6703
240,L,P,L240P,0.10612,-3.2363
240,L,Q,L240Q,0.10524,-3.2482
240,L,R,L240R,0.015849,-5.9795
240,L,S,L240S,0.032223,-4.9558
240,L,T,L240T,0.076307,-3.712
240,L,V,L240V,0.025855,-5.2734
240,L,W,L240W,0.15464,-2.693
240,L,Y,L240Y,0.087922,-3.5076
241,L,*,L241*,0.075761,-3.7224
241,L,A,L241A,0.14776,-2.7587
241,L,C,L241C,0.68218,-0.55179
241,L,D,L241D,0.36719,-1.4454
241,L,E,L241E,0.28397,-1.8162
241,L,F,L241F,0.51092,-0.96883
241,L,G,L241G,0.021844,-5.5166
241,L,H,L241H,0.40599,-1.3005
241,L,I,L241I,0.28311,-1.8206
241,L,K,L241K,0.14948,-2.742
241,L,L,L241L,1,0
241,L,M,L241M,0.47298,-1.0802
241,L,N,L241N,0.6014,-0.73361
241,L,P,L241P,0.012341,-6.3404
241,L,Q,L241Q,0.1079,-3.2122
241,L,R,L241R,0.03854,-4.6975
241,L,S,L241S,0.18386,-2.4433
241,L,T,L241T,0.28463,-1.8128
241,L,V,L241V,0.22557,-2.1484
241,L,W,L241W,0.12413,-3.01
241,L,Y,L241Y,0.61981,-0.6901
242,G,*,G242*,0.44994,-1.1522
242,G,A,G242A,0.66423,-0.59024
242,G,C,G242C,0.58026,-0.78524
242,G,D,G242D,0.20039,-2.3191
242,G,E,G242E,0.089454,-3.4827
242,G,F,G242F,0.89987,-0.15221
242,G,G,G242G,1,0
242,G,H,G242H,0.87052,-0.20004
242,G,I,G242I,0.64527,-0.63201
242,G,K,G242K,0.64415,-0.63453
242,G,L,G242L,0.87137,-0.19865
242,G,M,G242M,1.229,0.29753
242,G,N,G242N,0.95675,-0.06379
242,G,P,G242P,0.25797,-1.9547
242,G,Q,G242Q,1.2935,0.37128
242,G,R,G242R,0.12189,-3.0363
242,G,S,G242S,0.45766,-1.1277
242,G,T,G242T,1.3952,0.48044
242,G,V,G242V,0.3661,-1.4497
242,G,W,G242W,0.47044,-1.0879
242,G,Y,G242Y,0.57857,-0.78944
243,R,*,R243*,0.70278,-0.50885
243,R,A,R243A,0.2693,-1.8927
243,R,C,R243C,0.08956,-3.481
243,R,D,R243D,0.38719,-1.3689
243,R,E,R243E,0.99792,-0.0029975
243,R,F,R243F,0.78611,-0.34719
243,R,G,R243G,0.030407,-5.0395
243,R,H,R243H,0.046389,-4.4301
243,R,I,R243I,0.83167,-0.26591
243,R,K,R243K,0.86457,-0.20994
243,R,L,R243L,0.15401,-2.6989
243,R,M,R243M,0.99792,-0.0029975
243,R,N,R243N,0.86945,-0.20183
243,R,P,R243P,0.07171,-3.8017
243,R,Q,R243Q,0.49824,-1.0051
243,R,R,R243R,1,0
243,R,S,R243S,0.088003,-3.5063
243,R,T,R243T,0.19697,-2.344
243,R,V,R243V,0.45932,-1.1224
243,R,W,R243W,0.40452,-1.3057
243,R,Y,R243Y,0.6319,-0.66223
244,M,*,M244*,0.049061,-4.3493
244,M,A,M244A,1.2899,0.36721
244,M,C,M244C,0.63038,-0.6657
244,M,D,M244D,0.51122,-0.96799
244,M,E,M244E,0.090821,-3.4608
244,M,F,M244F,0.82952,-0.26965
244,M,G,M244G,0.044122,-4.5023
244,M,H,M244H,0.49157,-1.0245
244,M,I,M244I,1.1545,0.20725
244,M,K,M244K,0.086742,-3.5271
244,M,L,M244L,0.55244,-0.8561
244,M,M,M244M,1,0
244,M,N,M244N,0.65539,-0.60956
244,M,P,M244P,0.074826,-3.7403
244,M,Q,M244Q,0.68524,-0.54532
244,M,R,M244R,0.041653,-4.5854
244,M,S,M244S,0.25475,-1.9728
244,M,T,M244T,0.48019,-1.0583
244,M,V,M244V,0.97789,-0.032263
244,M,W,M244W,0.070639,-3.8234
244,M,Y,M244Y,0.76457,-0.38727
245,D,*,D245*,0.091578,-3.4489
245,D,A,D245A,0.25709,-1.9597
245,D,C,D245C,0.97557,-0.035683
245,D,D,D245D,1,0
245,D,E,D245E,0.57818,-0.7904
245,D,F,D245F,0.30102,-1.7321
245,D,G,D245G,0.21344,-2.2281
245,D,H,D245H,0.36381,-1.4587
245,D,I,D245I,0.63105,-0.66419
245,D,K,D245K,0.25373,-1.9786
245,D,L,D245L,0.30552,-1.7107
245,D,M,D245M,0.26373,-1.9228
245,D,N,D245N,0.15937,-2.6496
245,D,P,D245P,0.10136,-3.3024
245,D,Q,D245Q,0.27802,-1.8467
245,D,R,D245R,0.03336,-4.9058
245,D,S,D245S,0.32752,-1.6103
245,D,T,D245T,0.4041,-1.3072
245,D,V,D245V,0.19109,-2.3877
245,D,W,D245W,0.099293,-3.3322
245,D,Y,D245Y,0.31445,-1.6691
246,G,*,G246*,0.11538,-3.1156
246,G,A,G246A,0.80945,-0.30499
246,G,C,G246C,0.43819,-1.1904
246,G,D,G246D,0.11136,-3.1667
246,G,E,G246E,0.030151,-5.0517
246,G,F,G246F,0.25015,-1.9991
246,G,G,G246G,1,0
246,G,H,G246H,0.49417,-1.0169
246,G,I,G246I,0.37296,-1.4229
246,G,K,G246K,0.25317,-1.9818
246,G,L,G246L,0.28754,-1.7982
246,G,M,G246M,1.5625,0.64387
246,G,N,G246N,1.2309,0.29966
246,G,P,G246P,0.24985,-2.0009
246,G,Q,G246Q,0.61156,-0.70944
246,G,R,G246R,0.16724,-2.58
246,G,S,G246S,0.57106,-0.8083
246,G,T,G246T,0.56975,-0.8116
246,G,V,G246V,0.37588,-1.4117
246,G,W,G246W,0.14543,-2.7816
246,G,Y,G246Y,0.40382,-1.3082
247,P,*,P247*,0.33079,-1.596
247,P,A,P247A,1.0984,0.13543
247,P,C,P247C,0.58556,-0.77211
247,P,D,P247D,0.068471,-3.8684
247,P,E,P247E,0.57265,-0.80427
247,P,F,P247F,0.25023,-1.9987
247,P,G,P247G,0.45637,-1.1317
247,P,H,P247H,0.35939,-1.4764
247,P,I,P247I,0.29856,-1.7439
247,P,K,P247K,0.49478,-1.0151
247,P,L,P247L,0.41537,-1.2675
247,P,M,P247M,0.60033,-0.73617
247,P,N,P247N,0.65651,-0.60711
247,P,P,P247P,1,0
247,P,Q,P247Q,0.7161,-0.48177
247,P,R,P247R,0.32707,-1.6123
247,P,S,P247S,0.52143,-0.93946
247,P,T,P247T,0.76402,-0.38832
247,P,V,P247V,0.35557,-1.4918
247,P,W,P247W,0.28669,-1.8024
247,P,Y,P247Y,0.16906,-2.5644
248,R,*,R248*,0.2938,-1.7671
248,R,A,R248A,0.77224,-0.37288
248,R,C,R248C,0.86478,-0.2096
248,R,D,R248D,0.99895,-0.0015131
248,R,E,R248E,0.41584,-1.2659
248,R,F,R248F,0.8224,-0.28208
248,R,G,R248G,0.69212,-0.5309
248,R,H,R248H,0.95792,-0.062021
248,R,I,R248I,0.92063,-0.1193
248,R,K,R248K,0.44909,-1.1549
248,R,L,R248L,0.55466,-0.85033
248,R,M,R248M,0.29979,-1.738
248,R,N,R248N,0.98128,-0.027261
248,R,P,R248P,0.40192,-1.315
248,R,Q,R248Q,0.53594,-0.89986
248,R,R,R248R,1,0
248,R,S,R248S,0.83303,-0.26355
248,R,T,R248T,0.63627,-0.65229
248,R,V,R248V,1.1274,0.17304
248,R,W,R248W,0.41749,-1.2602
248,R,Y,R248Y,0.99895,-0.0015131
249,R,*,R249*,0.17496,-2.5149
249,R,A,R249A,0.35661,-1.4876
249,R,C,R249C,0.78098,-0.35665
249,R,D,R249D,0.9975,-0.0036084
249,R,E,R249E,0.21223,-2.2363
249,R,F,R249F,0.84263,-0.24704
249,R,G,R249G,0.060751,-4.0409
249,R,H,R249H,0.85981,-0.21791
249,R,I,R249I,0.79886,-0.32398
249,R,K,R249K,0.55665,-0.84515
249,R,L,R249L,0.17116,-2.5466
249,R,M,R249M,0.1299,-2.9446
249,R,N,R249N,0.53917,-0.89119
249,R,P,R249P,0.51709,-0.95152
249,R,Q,R249Q,0.32344,-1.6284
249,R,R,R249R,1,0
249,R,S,R249S,0.26079,-1.939
249,R,T,R249T,0.20544,-2.2832
249,R,V,R249V,0.13579,-2.8805
249,R,W,R249W,0.11151,-3.1647
249,R,Y,R249Y,0.95673,-0.063809
250,P,*,P250*,0.057692,-4.1155
250,P,A,P250A,1.2085,0.27318
250,P,C,P250C,0.42288,-1.2417
250,P,D,P250D,0.39314,-1.3469
250,P,E,P250E,0.16842,-2.5699
250,P,F,P250F,0.28767,-1.7975
250,P,G,P250G,1.2116,0.27696
250,P,H,P250H,0.34972,-1.5157
250,P,I,P250I,0.36073,-1.471
250,P,K,P250K,0.36231,-1.4647
250,P,L,P250L,0.11301,-3.1455
250,P,M,P250M,0.35795,-1.4822
250,P,N,P250N,0.78985,-0.34035
250,P,P,P250P,1,0
250,P,Q,P250Q,0.64255,-0.63813
250,P,R,P250R,0.17863,-2.485
250,P,S,P250S,0.84754,-0.23864
250,P,T,P250T,0.53469,-0.90321
250,P,V,P250V,0.34536,-1.5338
250,P,W,P250W,0.11826,-3.08
250,P,Y,P250Y,0.16207,-2.6253
251,V,*,V251*,0.056991,-4.1331
251,V,A,V251A,0.75613,-0.40329
251,V,C,V251C,1.6591,0.73041
251,V,D,V251D,0.15255,-2.7126
251,V,E,V251E,0.42571,-1.232
251,V,F,V251F,0.67157,-0.57439
251,V,G,V251G,0.17866,-2.4847
251,V,H,V251H,0.25752,-1.9572
251,V,I,V251I,0.72989,-0.45425
251,V,K,V251K,0.16368,-2.611
251,V,L,V251L,0.46455,-1.1061
251,V,M,V251M,0.89026,-0.1677
251,V,N,V251N,0.73015,-0.45373
251,V,P,V251P,0.5385,-0.89298
251,V,Q,V251Q,1.5116,0.59607
251,V,R,V251R,0.078595,-3.6694
251,V,S,V251S,1.1609,0.21525
251,V,T,V251T,1.3686,0.45269
251,V,V,V251V,1,0
251,V,W,V251W,0.11928,-3.0675
251,V,Y,V251Y,0.3393,-1.5594
252,K,*,K252*,0.10462,-3.2568
252,K,A,K252A,0.077424,-3.6911
252,K,C,K252C,0.14398,-2.7961
252,K,D,K252D,0.18746,-2.4153
252,K,E,K252E,0.12009,-3.0578
252,K,F,K252F,0.28745,-1.7986
252,K,G,K252G,0.033822,-4.8859
252,K,H,K252H,0.21715,-2.2032
252,K,I,K252I,0.17511,-2.5137
252,K,K,K252K,1,0
252,K,L,K252L,0.076917,-3.7006
252,K,M,K252M,0.17273,-2.5334
252,K,N,K252N,0.11791,-3.0843
252,K,P,K252P,0.13572,-2.8813
252,K,Q,K252Q,0.13318,-2.9085
252,K,R,K252R,0.28491,-1.8114
252,K,S,K252S,0.063981,-3.9662
252,K,T,K252T,0.15664,-2.6745
252,K,V,K252V,0.055993,-4.1586
252,K,W,K252W,0.10092,-3.3087
252,K,Y,K252Y,0.25055,-1.9969
253,Y,*,Y253*,0.029578,-5.0793
253,Y,A,Y253A,0.78239,-0.35405
253,Y,C,Y253C,0.31648,-1.6598
253,Y,D,Y253D,0.17666,-2.5009
253,Y,E,Y253E,0.089615,-3.4801
253,Y,F,Y253F,0.88037,-0.18382
253,Y,G,Y253G,0.3647,-1.4552
253,Y,H,Y253H,0.44029,-1.1835
253,Y,I,Y253I,0.59787,-0.74209
253,Y,K,Y253K,0.12462,-3.0043
253,Y,L,Y253L,0.30319,-1.7217
253,Y,M,Y253M,0.3324,-1.589
253,Y,N,Y253N,0.21306,-2.2306
253,Y,P,Y253P,0.12007,-3.058
253,Y,Q,Y253Q,0.14804,-2.756
253,Y,R,Y253R,0.049028,-4.3503
253,Y,S,Y253S,0.13079,-2.9347
253,Y,T,Y253T,0.1156,-3.1128
253,Y,V,Y253V,0.80081,-0.32047
253,Y,W,Y253W,0.32396,-1.6261
253,Y,Y,Y253Y,1,0
254,E,*,E254*,0.064935,-3.9449
254,E,A,E254A,0.031163,-5.004
254,E,C,E254C,0.084963,-3.557
254,E,D,E254D,0.40258,-1.3126
254,E,E,E254E,1,0
254,E,F,E254F,0.17668,-2.5008
254,E,G,E254G,0.032635,-4.9375
254,E,H,E254H,0.1843,-2.4398
254,E,I,E254I,0.21099,-2.2448
254,E,K,E254K,0.21219,-2.2366
254,E,L,E254L,0.062126,-4.0087
254,E,M,E254M,0.12382,-3.0137
254,E,N,E254N,0.17039,-2.553
254,E,P,E254P,0.059317,-4.0754
254,E,Q,E254Q,0.097937,-3.352
254,E,R,E254R,0.030428,-5.0385
254,E,S,E254S,0.051961,-4.2664
254,E,T,E254T,0.10178,-3.2964
254,E,V,E254V,0.065135,-3.9404
254,E,W,E254W,0.06557,-3.9308
254,E,Y,E254Y,0.11476,-3.1234
255,E,*,E255*,0.028942,-5.1107
255,E,A,E255A,0.53276,-0.90844
255,E,C,E255C,0.26541,-1.9137
255,E,D,E255D,0.89929,-0.15314
255,E,E,E255E,1,0
255,E,F,E255F,0.088007,-3.5062
255,E,G,E255G,0.066352,-3.9137
255,E,H,E255H,0.12215,-3.0332
255,E,I,E255I,0.36979,-1.4352
255,E,K,E255K,0.13402,-2.8995
255,E,L,E255L,0.26638,-1.9084
255,E,M,E255M,0.41532,-1.2677
255,E,N,E255N,0.353,-1.5023
255,E,P,E255P,0.59925,-0.73877
255,E,Q,E255Q,0.63694,-0.65078
255,E,R,E255R,0.066213,-3.9167
255,E,S,E255S,0.26305,-1.9266
255,E,T,E255T,0.42421,-1.2372
255,E,V,E255V,0.30379,-1.7189
255,E,W,E255W,0.036646,-4.7702
255,E,Y,E255Y,0.069059,-3.856
256,D,*,D256*,0.055317,-4.1761
256,D,A,D256A,0.053214,-4.232
256,D,C,D256C,0.18574,-2.4286
256,D,D,D256D,1,0
256,D,E,D256E,0.056213,-4.1529
256,D,F,D256F,0.15114,-2.726
256,D,G,D256G,0.026344,-5.2464
256,D,H,D256H,0.17365,-2.5257
256,D,I,D256I,0.21378,-2.2258
256,D,K,D256K,0.098265,-3.3472
256,D,L,D256L,0.047834,-4.3858
256,D,M,D256M,0.12501,-2.9999
256,D,N,D256N,0.053771,-4.217
256,D,P,D256P,0.21511,-2.2168
256,D,Q,D256Q,0.15089,-2.7284
256,D,R,D256R,0.051297,-4.285
256,D,S,D256S,0.056554,-4.1442
256,D,T,D256T,0.079064,-3.6608
256,D,V,D256V,0.06685,-3.9029
256,D,W,D256W,0.071643,-3.803
256,D,Y,D256Y,0.16038,-2.6404
257,V,*,V257*,0.042771,-4.5472
257,V,A,V257A,0.63193,-0.66217
257,V,C,V257C,0.53173,-0.91124
257,V,D,V257D,0.11238,-3.1535
257,V,E,V257E,0.1761,-2.5055
257,V,F,V257F,0.11037,-3.1795
257,V,G,V257G,0.019946,-5.6477
257,V,H,V257H,0.201,-2.3147
257,V,I,V257I,1.3745,0.4589
257,V,K,V257K,0.063454,-3.9781
257,V,L,V257L,0.46158,-1.1153
257,V,M,V257M,0.4176,-1.2598
257,V,N,V257N,0.13701,-2.8676
257,V,P,V257P,0.37985,-1.3965
257,V,Q,V257Q,0.086278,-3.5349
257,V,R,V257R,0.02162,-5.5315
257,V,S,V257S,0.071888,-3.7981
257,V,T,V257T,0.67068,-0.5763
257,V,V,V257V,1,0
257,V,W,V257W,0.051272,-4.2857
257,V,Y,V257Y,0.13146,-2.9273
258,N,*,N258*,0.03567,-4.8091
258,N,A,N258A,0.11102,-3.1712
258,N,C,N258C,0.16041,-2.6402
258,N,D,N258D,0.27339,-1.871
258,N,E,N258E,0.19808,-2.3358
258,N,F,N258F,0.10573,-3.2415
258,N,G,N258G,0.10761,-3.2162
258,N,H,N258H,0.12061,-3.0516
258,N,I,N258I,0.11174,-3.1618
258,N,K,N258K,0.15819,-2.6602
258,N,L,N258L,0.34238,-1.5463
258,N,M,N258M,0.22928,-2.1248
258,N,N,N258N,1,0
258,N,P,N258P,0.026508,-5.2375
258,N,Q,N258Q,0.22608,-2.1451
258,N,R,N258R,0.070786,-3.8204
258,N,S,N258S,0.49052,-1.0276
258,N,T,N258T,0.17128,-2.5456
258,N,V,N258V,0.12453,-3.0055
258,N,W,N258W,0.09316,-3.4241
258,N,Y,N258Y,0.10475,-3.255
259,L,*,L259*,0.053423,-4.2264
259,L,A,L259A,0.038592,-4.6956
259,L,C,L259C,0.06891,-3.8591
259,L,D,L259D,0.059325,-4.0752
259,L,E,L259E,0.067043,-3.8988
259,L,F,L259F,0.068557,-3.8666
259,L,G,L259G,0.021591,-5.5334
259,L,H,L259H,0.052288,-4.2574
259,L,I,L259I,0.10551,-3.2446
259,L,K,L259K,0.092115,-3.4404
259,L,L,L259L,1,0
259,L,M,L259M,0.25347,-1.9801
259,L,N,L259N,0.1557,-2.6831
259,L,P,L259P,0.01294,-6.2721
259,L,Q,L259Q,0.072643,-3.783
259,L,R,L259R,0.017404,-5.8444
259,L,S,L259S,0.02487,-5.3294
259,L,T,L259T,0.045578,-4.4555
259,L,V,L259V,0.061368,-4.0264
259,L,W,L259W,0.084296,-3.5684
259,L,Y,L259Y,0.16662,-2.5853
260,G,*,G260*,0.1365,-2.873
260,G,A,G260A,0.031869,-4.9717
260,G,C,G260C,0.068806,-3.8613
260,G,D,G260D,0.098711,-3.3407
260,G,E,G260E,0.12041,-3.054
260,G,F,G260F,0.1551,-2.6887
260,G,G,G260G,1,0
260,G,H,G260H,0.16346,-2.613
260,G,I,G260I,0.12719,-2.9749
260,G,K,G260K,0.132,-2.9213
260,G,L,G260L,0.056641,-4.142
260,G,M,G260M,0.17366,-2.5256
260,G,N,G260N,0.12719,-2.9749
260,G,P,G260P,0.069851,-3.8396
260,G,Q,G260Q,0.2266,-2.1418
260,G,R,G260R,0.028226,-5.1468
260,G,S,G260S,0.059714,-4.0658
260,G,T,G260T,0.06624,-3.9162
260,G,V,G260V,0.1066,-3.2297
260,G,W,G260W,0.067285,-3.8936
260,G,Y,G260Y,0.1519,-2.7188
261,S,*,S261*,0.05934,-4.0748
261,S,A,S261A,0.9212,-0.11842
261,S,C,S261C,1.0462,0.065113
261,S,D,S261D,0.10195,-3.2941
261,S,E,S261E,0.29551,-1.7587
261,S,F,S261F,0.15215,-2.7165
261,S,G,S261G,0.56468,-0.82449
261,S,H,S261H,0.30548,-1.7108
261,S,I,S261I,0.93473,-0.097385
261,S,K,S261K,0.098505,-3.3437
261,S,L,S261L,0.26596,-1.9107
261,S,M,S261M,0.47282,-1.0806
261,S,N,S261N,0.64443,-0.6339
261,S,P,S261P,0.08094,-3.627
261,S,Q,S261Q,0.40316,-1.3106
261,S,R,S261R,0.038927,-4.6831
261,S,S,S261S,1,0
261,S,T,S261T,2.4553,1.2959
261,S,V,S261V,1.6775,0.74635
261,S,W,S261W,0.19808,-2.3359
261,S,Y,S261Y,0.15132,-2.7244
262,G,*,G262*,0.78222,-0.35436
262,G,A,G262A,0.044549,-4.4885
262,G,C,G262C,0.32237,-1.6332
262,G,D,G262D,0.10023,-3.3185
262,G,E,G262E,0.087184,-3.5198
262,G,F,G262F,0.99791,-0.0030158
262,G,G,G262G,1,0
262,G,H,G262H,0.9779,-0.032242
262,G,I,G262I,0.66588,-0.58666
262,G,K,G262K,0.51849,-0.94761
262,G,L,G262L,0.25624,-1.9644
262,G,M,G262M,0.39276,-1.3483
262,G,N,G262N,0.45201,-1.1456
262,G,P,G262P,0.26512,-1.9153
262,G,Q,G262Q,0.45793,-1.1268
262,G,R,G262R,0.040546,-4.6243
262,G,S,G262S,0.098756,-3.34
262,G,T,G262T,0.28931,-1.7893
262,G,V,G262V,0.049595,-4.3336
262,G,W,G262W,0.29357,-1.7682
262,G,Y,G262Y,0.60828,-0.71718
263,T,*,T263*,0.051682,-4.2742
263,T,A,T263A,0.089446,-3.4828
263,T,C,T263C,0.24673,-2.019
263,T,D,T263D,0.2285,-2.1298
263,T,E,T263E,0.083113,-3.5888
263,T,F,T263F,0.33882,-1.5614
263,T,G,T263G,0.029914,-5.063
263,T,H,T263H,0.10597,-3.2383
263,T,I,T263I,0.051253,-4.2862
263,T,K,T263K,0.08308,-3.5893
263,T,L,T263L,0.043898,-4.5097
263,T,M,T263M,0.10696,-3.2249
263,T,N,T263N,0.1565,-2.6758
263,T,P,T263P,0.048714,-4.3595
263,T,Q,T263Q,0.12672,-2.9803
263,T,R,T263R,0.028925,-5.1115
263,T,S,T263S,0.16405,-2.6078
263,T,T,T263T,1,0
263,T,V,T263V,0.060554,-4.0456
263,T,W,T263W,0.083344,-3.5848
263,T,Y,T263Y,0.16995,-2.5568
264,R,*,R264*,0.02857,-5.1294
264,R,A,R264A,0.071003,-3.816
264,R,C,R264C,0.1517,-2.7207
264,R,D,R264D,0.19911,-2.3284
264,R,E,R264E,0.18282,-2.4515
264,R,F,R264F,0.15584,-2.6819
264,R,G,R264G,0.049231,-4.3443
264,R,H,R264H,0.10226,-3.2896
264,R,I,R264I,0.16435,-2.6052
264,R,K,R264K,0.15139,-2.7236
264,R,L,R264L,0.06286,-3.9917
264,R,M,R264M,0.17922,-2.4802
264,R,N,R264N,0.28613,-1.8052
264,R,P,R264P,0.052966,-4.2388
264,R,Q,R264Q,0.10664,-3.2292
264,R,R,R264R,1,0
264,R,S,R264S,0.045294,-4.4645
264,R,T,R264T,0.055658,-4.1673
264,R,V,R264V,0.060235,-4.0533
264,R,W,R264W,0.08941,-3.4834
264,R,Y,R264Y,0.17041,-2.5529
265,A,*,A265*,0.064912,-3.9454
265,A,A,A265A,1,0
265,A,C,A265C,0.063213,-3.9836
265,A,D,A265D,0.090066,-3.4729
265,A,E,A265E,0.052782,-4.2438
265,A,F,A265F,0.081423,-3.6184
265,A,G,A265G,0.017644,-5.8247
265,A,H,A265H,0.10059,-3.3135
265,A,I,A265I,0.10691,-3.2256
265,A,K,A265K,0.10777,-3.214
265,A,L,A265L,0.024946,-5.3251
265,A,M,A265M,0.12067,-3.0508
265,A,N,A265N,0.12342,-3.0184
265,A,P,A265P,0.046672,-4.4213
265,A,Q,A265Q,0.085834,-3.5423
265,A,R,A265R,0.022621,-5.4662
265,A,S,A265S,0.53816,-0.89388
265,A,T,A265T,0.10863,-3.2025
265,A,V,A265V,0.02888,-5.1138
265,A,W,A265W,0.064435,-3.956
265,A,Y,A265Y,0.13075,-2.9351
266,V,*,V266*,0.12208,-3.0341
266,V,A,V266A,0.029054,-5.1051
266,V,C,V266C,0.31624,-1.6609
266,V,D,V266D,0.34753,-1.5248
266,V,E,V266E,0.059121,-4.0802
266,V,F,V266F,0.7094,-0.49532
266,V,G,V266G,0.021964,-5.5087
266,V,H,V266H,0.66121,-0.59682
266,V,I,V266I,0.4107,-1.2838
266,V,K,V266K,0.10289,-3.2808
266,V,L,V266L,0.042435,-4.5586
266,V,M,V266M,0.034065,-4.8755
266,V,N,V266N,0.4284,-1.223
266,V,P,V266P,0.072609,-3.7837
266,V,Q,V266Q,0.26479,-1.9171
266,V,R,V266R,0.045154,-4.469
266,V,S,V266S,0.083378,-3.5842
266,V,T,V266T,0.11542,-3.1151
266,V,V,V266V,1,0
266,V,W,V266W,0.10934,-3.1931
266,V,Y,V266Y,0.35526,-1.493
267,A,*,A267*,0.094551,-3.4028
267,A,A,A267A,1,0
267,A,C,A267C,3.7707,1.9148
267,A,D,A267D,0.17916,-2.4807
267,A,E,A267E,0.10338,-3.274
267,A,F,A267F,0.16893,-2.5655
267,A,G,A267G,0.077602,-3.6878
267,A,H,A267H,0.40006,-1.3217
267,A,I,A267I,0.44236,-1.1767
267,A,K,A267K,0.20325,-2.2987
267,A,L,A267L,0.076902,-3.7008
267,A,M,A267M,0.16305,-2.6166
267,A,N,A267N,0.42877,-1.2217
267,A,P,A267P,0.076481,-3.7087
267,A,Q,A267Q,0.14022,-2.8343
267,A,R,A267R,0.053789,-4.2165
267,A,S,A267S,5.4694,2.4514
267,A,T,A267T,0.51436,-0.95916
267,A,V,A267V,0.15254,-2.7127
267,A,W,A267W,0.17047,-2.5524
267,A,Y,A267Y,0.32203,-1.6347
268,S,*,S268*,0.046443,-4.4284
268,S,A,S268A,0.049092,-4.3484
268,S,C,S268C,0.27355,-1.8701
268,S,D,S268D,0.070564,-3.8249
268,S,E,S268E,0.075388,-3.7295
268,S,F,S268F,0.41071,-1.2838
268,S,G,S268G,0.030079,-5.0551
268,S,H,S268H,0.12145,-3.0415
268,S,I,S268I,0.35339,-1.5007
268,S,K,S268K,0.085603,-3.5462
268,S,L,S268L,0.13422,-2.8973
268,S,M,S268M,0.28358,-1.8182
268,S,N,S268N,4.0166,2.006
268,S,P,S268P,0.048051,-4.3793
268,S,Q,S268Q,0.10547,-3.2451
268,S,R,S268R,0.022701,-5.4611
268,S,S,S268S,1,0
268,S,T,S268T,1.3168,0.39701
268,S,V,S268V,0.36748,-1.4443
268,S,W,S268W,0.063753,-3.9714
268,S,Y,S268Y,0.58409,-0.77574
269,C,*,C269*,0.046058,-4.4404
269,C,A,C269A,1.5027,0.58759
269,C,C,C269C,1,0
269,C,D,C269D,2.0976,1.0687
269,C,E,C269E,0.44301,-1.1746
269,C,F,C269F,3.023,1.596
269,C,G,C269G,2.2416,1.1645
269,C,H,C269H,3.7615,1.9113
269,C,I,C269I,0.57377,-0.80145
269,C,K,C269K,0.93833,-0.091834
269,C,L,C269L,0.66042,-0.59854
269,C,M,C269M,0.60265,-0.7306
269,C,N,C269N,2.0164,1.0118
269,C,P,C269P,0.06089,-4.0377
269,C,Q,C269Q,1.0117,0.016795
269,C,R,C269R,0.75761,-0.40047
269,C,S,C269S,2.3532,1.2346
269,C,T,C269T,5.2201,2.3841
269,C,V,C269V,0.66862,-0.58075
269,C,W,C269W,6.1963,2.6314
269,C,Y,C269Y,3.8571,1.9475
270,A,*,A270*,0.48545,-1.0426
270,A,A,A270A,1,0
270,A,C,A270C,0.19535,-2.3559
270,A,D,A270D,0.071688,-3.8021
270,A,E,A270E,0.1073,-3.2203
270,A,F,A270F,0.13891,-2.8478
270,A,G,A270G,0.099675,-3.3266
270,A,H,A270H,0.28833,-1.7942
270,A,I,A270I,0.19684,-2.3449
270,A,K,A270K,2.2385,1.1625
270,A,L,A270L,0.064249,-3.9602
270,A,M,A270M,0.10972,-3.1881
270,A,N,A270N,0.1748,-2.5162
270,A,P,A270P,2.0049,1.0036
270,A,Q,A270Q,0.18075,-2.4679
270,A,R,A270R,0.42538,-1.2332
270,A,S,A270S,0.40828,-1.2924
270,A,T,A270T,0.26713,-1.9044
270,A,V,A270V,0.14124,-2.8238
270,A,W,A270W,0.57276,-0.80401
270,A,Y,A270Y,0.12692,-2.978
271,E,*,E271*,0.10651,-3.231
271,E,A,E271A,0.079364,-3.6554
271,E,C,E271C,0.50535,-0.98466
271,E,D,E271D,0.41307,-1.2755
271,E,E,E271E,1,0
271,E,F,E271F,0.39701,-1.3327
271,E,G,E271G,0.074437,-3.7478
271,E,H,E271H,0.23513,-2.0884
271,E,I,E271I,0.19981,-2.3233
271,E,K,E271K,0.10922,-3.1947
271,E,L,E271L,0.05488,-4.1876
271,E,M,E271M,0.21361,-2.227
271,E,N,E271N,0.33834,-1.5634
271,E,P,E271P,0.061826,-4.0156
271,E,Q,E271Q,0.13286,-2.912
271,E,R,E271R,0.059855,-4.0624
271,E,S,E271S,0.066949,-3.9008
271,E,T,E271T,0.1069,-3.2256
271,E,V,E271V,0.11833,-3.0791
271,E,W,E271W,0.21976,-2.186
271,E,Y,E271Y,0.43308,-1.2073
272,A,*,A272*,0.10718,-3.2219
272,A,A,A272A,1,0
272,A,C,A272C,2.4525,1.2942
272,A,D,A272D,0.98836,-0.01689
272,A,E,A272E,2.4559,1.2962
272,A,F,A272F,1.1984,0.26105
272,A,G,A272G,0.035887,-4.8004
272,A,H,A272H,2.4631,1.3005
272,A,I,A272I,4.7478,2.2473
272,A,K,A272K,5.2813,2.4009
272,A,L,A272L,2.2827,1.1908
272,A,M,A272M,3.6542,1.8696
272,A,N,A272N,3.3783,1.7563
272,A,P,A272P,0.061591,-4.0211
272,A,Q,A272Q,4.1295,2.046
272,A,R,A272R,4.1547,2.0547
272,A,S,A272S,2.1261,1.0882
272,A,T,A272T,2.1741,1.1204
272,A,V,A272V,4.193,2.068
272,A,W,A272W,0.32832,-1.6068
272,A,Y,A272Y,1.2827,0.35922
273,P,*,P273*,0.066406,-3.9125
273,P,A,P273A,0.13768,-2.8606
273,P,C,P273C,0.11933,-3.067
273,P,D,P273D,0.18652,-2.4226
273,P,E,P273E,0.1592,-2.6511
273,P,F,P273F,0.14658,-2.7703
273,P,G,P273G,0.035817,-4.8032
273,P,H,P273H,0.27942,-1.8395
273,P,I,P273I,0.14946,-2.7422
273,P,K,P273K,0.19331,-2.371
273,P,L,P273L,0.05193,-4.2673
273,P,M,P273M,0.14508,-2.7851
273,P,N,P273N,0.24083,-2.0539
273,P,P,P273P,1,0
273,P,Q,P273Q,0.12182,-3.0372
273,P,R,P273R,0.035284,-4.8249
273,P,S,P273S,0.02472,-5.3382
273,P,T,P273T,0.11549,-3.1142
273,P,V,P273V,0.051005,-4.2932
273,P,W,P273W,0.091268,-3.4537
273,P,Y,P273Y,0.20562,-2.2819
274,N,*,N274*,0.075869,-3.7203
274,N,A,N274A,0.10473,-3.2553
274,N,C,N274C,0.34409,-1.5392
274,N,D,N274D,0.86804,-0.20417
274,N,E,N274E,0.10732,-3.22
274,N,F,N274F,0.080044,-3.6431
274,N,G,N274G,0.02375,-5.3959
274,N,H,N274H,0.066386,-3.913
274,N,I,N274I,0.16868,-2.5676
274,N,K,N274K,0.1226,-3.028
274,N,L,N274L,0.053903,-4.2135
274,N,M,N274M,0.21954,-2.1874
274,N,N,N274N,1,0
274,N,P,N274P,0.063792,-3.9705
274,N,Q,N274Q,0.25772,-1.9561
274,N,R,N274R,0.079679,-3.6497
274,N,S,N274S,0.14375,-2.7983
274,N,T,N274T,0.074329,-3.7499
274,N,V,N274V,0.057956,-4.1089
274,N,W,N274W,0.072789,-3.7801
274,N,Y,N274Y,0.067885,-3.8808
275,M,*,M275*,0.029321,-5.0919
275,M,A,M275A,0.029051,-5.1053
275,M,C,M275C,0.06394,-3.9671
275,M,D,M275D,0.11778,-3.0859
275,M,E,M275E,0.052669,-4.2469
275,M,F,M275F,0.64164,-0.64016
275,M,G,M275G,0.018724,-5.739
275,M,H,M275H,0.12851,-2.9601
275,M,I,M275I,0.28876,-1.7921
275,M,K,M275K,0.093709,-3.4157
275,M,L,M275L,0.8358,-0.25878
275,M,M,M275M,1,0
275,M,N,M275N,0.12761,-2.9702
275,M,P,M275P,0.030668,-5.0271
275,M,Q,M275Q,0.071303,-3.8099
275,M,R,M275R,0.01832,-5.7705
275,M,S,M275S,0.022406,-5.48
275,M,T,M275T,0.014368,-6.121
275,M,V,M275V,0.09106,-3.457
275,M,W,M275W,0.3303,-1.5982
275,M,Y,M275Y,0.48426,-1.0461
276,K,*,K276*,0.10827,-3.2073
276,K,A,K276A,0.6955,-0.52387
276,K,C,K276C,0.42057,-1.2496
276,K,D,K276D,0.56558,-0.8222
276,K,E,K276E,0.20536,-2.2838
276,K,F,K276F,0.31199,-1.6804
276,K,G,K276G,0.44879,-1.1559
276,K,H,K276H,0.59226,-0.75569
276,K,I,K276I,0.38526,-1.3761
276,K,K,K276K,1,0
276,K,L,K276L,0.47999,-1.0589
276,K,M,K276M,0.47157,-1.0844
276,K,N,K276N,0.78325,-0.35245
276,K,P,K276P,0.27319,-1.872
276,K,Q,K276Q,0.70956,-0.49499
276,K,R,K276R,0.65096,-0.61935
276,K,S,K276S,0.70177,-0.51094
276,K,T,K276T,0.71798,-0.47798
276,K,V,K276V,0.31106,-1.6847
276,K,W,K276W,0.13516,-2.8873
276,K,Y,K276Y,0.29454,-1.7635
277,I,*,I277*,0.078617,-3.669
277,I,A,I277A,0.045513,-4.4576
277,I,C,I277C,0.078832,-3.6651
277,I,D,I277D,0.074003,-3.7563
277,I,E,I277E,0.17809,-2.4893
277,I,F,I277F,0.071251,-3.8109
277,I,G,I277G,0.030324,-5.0434
277,I,H,I277H,0.062807,-3.9929
277,I,I,I277I,1,0
277,I,K,I277K,0.16147,-2.6307
277,I,L,I277L,0.040468,-4.6271
277,I,M,I277M,0.072546,-3.785
277,I,N,I277N,0.066368,-3.9134
277,I,P,I277P,0.028436,-5.1361
277,I,Q,I277Q,0.12016,-3.0569
277,I,R,I277R,0.027977,-5.1596
277,I,S,I277S,0.024308,-5.3624
277,I,T,I277T,0.016619,-5.911
277,I,V,I277V,0.34347,-1.5418
277,I,W,I277W,0.08868,-3.4953
277,I,Y,I277Y,0.08787,-3.5085
278,I,*,I278*,0.11729,-3.0918
278,I,A,I278A,0.10907,-3.1966
278,I,C,I278C,0.13353,-2.9048
278,I,D,I278D,0.18544,-2.431
278,I,E,I278E,0.14044,-2.832
278,I,F,I278F,0.076428,-3.7098
278,I,G,I278G,0.044141,-4.5017
278,I,H,I278H,0.074552,-3.7456
278,I,I,I278I,1,0
278,I,K,I278K,0.13597,-2.8787
278,I,L,I278L,0.062578,-3.9982
278,I,M,I278M,0.089772,-3.4776
278,I,N,I278N,0.080092,-3.6422
278,I,P,I278P,0.04021,-4.6363
278,I,Q,I278Q,0.14946,-2.7422
278,I,R,I278R,0.038244,-4.7086
278,I,S,I278S,0.034997,-4.8366
278,I,T,I278T,0.13424,-2.8971
278,I,V,I278V,0.094627,-3.4016
278,I,W,I278W,0.11232,-3.1543
278,I,Y,I278Y,0.1251,-2.9989
279,G,*,G279*,0.066442,-3.9118
279,G,A,G279A,0.11916,-3.069
279,G,C,G279C,0.11241,-3.1531
279,G,D,G279D,0.12804,-2.9653
279,G,E,G279E,0.13804,-2.8568
279,G,F,G279F,0.11204,-3.1579
279,G,G,G279G,1,0
279,G,H,G279H,0.10704,-3.2238
279,G,I,G279I,0.10913,-3.1959
279,G,K,G279K,0.1357,-2.8816
279,G,L,G279L,0.035846,-4.802
279,G,M,G279M,0.1501,-2.736
279,G,N,G279N,0.13338,-2.9063
279,G,P,G279P,0.043784,-4.5135
279,G,Q,G279Q,0.15513,-2.6884
279,G,R,G279R,0.075661,-3.7243
279,G,S,G279S,0.13404,-2.8993
279,G,T,G279T,0.050034,-4.3209
279,G,V,G279V,0.035096,-4.8326
279,G,W,G279W,0.11948,-3.0652
279,G,Y,G279Y,0.16473,-2.6018
280,R,*,R280*,0.055526,-4.1707
280,R,A,R280A,0.087948,-3.5072
280,R,C,R280C,0.13169,-2.9248
280,R,D,R280D,0.15672,-2.6737
280,R,E,R280E,0.091644,-3.4478
280,R,F,R280F,0.4593,-1.1225
280,R,G,R280G,0.12168,-3.0388
280,R,H,R280H,0.22095,-2.1782
280,R,I,R280I,0.67378,-0.56966
280,R,K,R280K,0.58175,-0.78153
280,R,L,R280L,0.29773,-1.7479
280,R,M,R280M,0.37274,-1.4238
280,R,N,R280N,0.27624,-1.856
280,R,P,R280P,0.037736,-4.7279
280,R,Q,R280Q,0.11629,-3.1042
280,R,R,R280R,1,0
280,R,S,R280S,0.32291,-1.6308
280,R,T,R280T,1.1121,0.15332
280,R,V,R280V,0.46084,-1.1177
280,R,W,R280W,0.23442,-2.0928
280,R,Y,R280Y,0.88933,-0.1692
281,R,*,R281*,0.10175,-3.2969
281,R,A,R281A,0.042868,-4.5439
281,R,C,R281C,0.11182,-3.1608
281,R,D,R281D,0.064771,-3.9485
281,R,E,R281E,0.17908,-2.4813
281,R,F,R281F,0.092189,-3.4393
281,R,G,R281G,0.026294,-5.2491
281,R,H,R281H,0.0377,-4.7293
281,R,I,R281I,0.10392,-3.2665
281,R,K,R281K,0.13222,-2.919
281,R,L,R281L,0.055694,-4.1663
281,R,M,R281M,0.16285,-2.6184
281,R,N,R281N,0.10261,-3.2848
281,R,P,R281P,0.03272,-4.9337
281,R,Q,R281Q,0.09393,-3.4123
281,R,R,R281R,1,0
281,R,S,R281S,0.058961,-4.0841
281,R,T,R281T,0.053712,-4.2186
281,R,V,R281V,0.045225,-4.4668
281,R,W,R281W,0.080863,-3.6284
281,R,Y,R281Y,0.098401,-3.3452
282,I,*,I282*,0.051502,-4.2792
282,I,A,I282A,0.040948,-4.61
282,I,C,I282C,0.055688,-4.1665
282,I,D,I282D,0.072926,-3.7774
282,I,E,I282E,0.059488,-4.0713
282,I,F,I282F,0.067157,-3.8963
282,I,G,I282G,0.022339,-5.4843
282,I,H,I282H,0.11391,-3.134
282,I,I,I282I,1,0
282,I,K,I282K,0.083234,-3.5867
282,I,L,I282L,0.79477,-0.3314
282,I,M,I282M,0.059242,-4.0772
282,I,N,I282N,0.085978,-3.5399
282,I,P,I282P,0.036621,-4.7712
282,I,Q,I282Q,0.16073,-2.6373
282,I,R,I282R,0.024977,-5.3232
282,I,S,I282S,0.043763,-4.5142
282,I,T,I282T,0.042039,-4.5721
282,I,V,I282V,0.56814,-0.81568
282,I,W,I282W,0.049708,-4.3304
282,I,Y,I282Y,0.084711,-3.5613
283,E,*,E283*,0.069379,-3.8494
283,E,A,E283A,0.50513,-0.98527
283,E,C,E283C,0.16666,-2.5851
283,E,D,E283D,1.2197,0.28651
283,E,E,E283E,1,0
283,E,F,E283F,0.11848,-3.0773
283,E,G,E283G,0.1422,-2.814
283,E,H,E283H,0.32188,-1.6354
283,E,I,E283I,0.17698,-2.4983
283,E,K,E283K,0.12014,-3.0572
283,E,L,E283L,0.11922,-3.0684
283,E,M,E283M,0.19701,-2.3436
283,E,N,E283N,0.43133,-1.2131
283,E,P,E283P,0.032569,-4.9403
283,E,Q,E283Q,0.47066,-1.0873
283,E,R,E283R,0.047625,-4.3921
283,E,S,E283S,0.39354,-1.3454
283,E,T,E283T,0.35353,-1.5001
283,E,V,E283V,0.037731,-4.7281
283,E,W,E283W,0.087999,-3.5064
283,E,Y,E283Y,0.13347,-2.9054
284,R,*,R284*,0.038539,-4.6975
284,R,A,R284A,0.035062,-4.8339
284,R,C,R284C,0.061075,-4.0333
284,R,D,R284D,0.090024,-3.4736
284,R,E,R284E,0.071623,-3.8034
284,R,F,R284F,0.11073,-3.1749
284,R,G,R284G,0.013785,-6.1807
284,R,H,R284H,0.10261,-3.2848
284,R,I,R284I,0.40981,-1.287
284,R,K,R284K,0.25014,-1.9992
284,R,L,R284L,0.036231,-4.7866
284,R,M,R284M,0.091282,-3.4535
284,R,N,R284N,0.18442,-2.4389
284,R,P,R284P,0.040756,-4.6168
284,R,Q,R284Q,0.12257,-3.0283
284,R,R,R284R,1,0
284,R,S,R284S,0.050196,-4.3163
284,R,T,R284T,0.047199,-4.4051
284,R,V,R284V,0.036771,-4.7653
284,R,W,R284W,0.051904,-4.268
284,R,Y,R284Y,0.15209,-2.717
285,I,*,I285*,0.14971,-2.7397
285,I,A,I285A,0.044628,-4.4859
285,I,C,I285C,0.087214,-3.5193
285,I,D,I285D,0.088133,-3.5042
285,I,E,I285E,0.23621,-2.0818
285,I,F,I285F,0.08752,-3.5142
285,I,G,I285G,0.035335,-4.8228
285,I,H,I285H,0.1008,-3.3105
285,I,I,I285I,1,0
285,I,K,I285K,0.32996,-1.5996
285,I,L,I285L,5.8959,2.5597
285,I,M,I285M,1.3783,0.46286
285,I,N,I285N,0.058313,-4.1
285,I,P,I285P,0.033803,-4.8867
285,I,Q,I285Q,0.18209,-2.4573
285,I,R,I285R,0.030025,-5.0577
285,I,S,I285S,0.028084,-5.1541
285,I,T,I285T,0.055556,-4.1699
285,I,V,I285V,0.1585,-2.6575
285,I,W,I285W,0.13868,-2.8501
285,I,Y,I285Y,0.093648,-3.4166
286,R,*,R286*,0.065018,-3.943
286,R,A,R286A,0.74573,-0.42327
286,R,C,R286C,0.25441,-1.9748
286,R,D,R286D,0.11569,-3.1116
286,R,E,R286E,0.15094,-2.728
286,R,F,R286F,0.11754,-3.0888
286,R,G,R286G,0.020216,-5.6284
286,R,H,R286H,0.31464,-1.6682
286,R,I,R286I,0.35986,-1.4745
286,R,K,R286K,1.7628,0.81787
286,R,L,R286L,0.041388,-4.5947
286,R,M,R286M,0.63974,-0.64445
286,R,N,R286N,0.1355,-2.8836
286,R,P,R286P,0.023289,-5.4242
286,R,Q,R286Q,0.42385,-1.2384
286,R,R,R286R,1,0
286,R,S,R286S,0.21268,-2.2333
286,R,T,R286T,0.059486,-4.0713
286,R,V,R286V,0.08059,-3.6333
286,R,W,R286W,0.11979,-3.0614
286,R,Y,R286Y,0.18659,-2.4221
287,N,*,N287*,0.24015,-2.058
287,N,A,N287A,1.29,0.36737
287,N,C,N287C,0.41826,-1.2575
287,N,D,N287D,0.90031,-0.1515
287,N,E,N287E,1.1401,0.18918
287,N,F,N287F,0.59899,-0.7394
287,N,G,N287G,1.2133,0.27895
287,N,H,N287H,0.92402,-0.11401
287,N,I,N287I,0.40136,-1.317
287,N,K,N287K,0.71401,-0.48598
287,N,L,N287L,1.2278,0.29605
287,N,M,N287M,1.5685,0.64938
287,N,N,N287N,1,0
287,N,P,N287P,0.074939,-3.7381
287,N,Q,N287Q,1.5458,0.62839
287,N,R,N287R,0.47002,-1.0892
287,N,S,N287S,0.87975,-0.18484
287,N,T,N287T,1.0864,0.11961
287,N,V,N287V,0.54793,-0.86795
287,N,W,N287W,0.38219,-1.3876
287,N,Y,N287Y,0.80429,-0.31422
288,E,*,E288*,0.24796,-2.0118
288,E,A,E288A,0.066973,-3.9003
288,E,C,E288C,0.21425,-2.2226
288,E,D,E288D,0.18404,-2.4419
288,E,E,E288E,1,0
288,E,F,E288F,0.17314,-2.53
288,E,G,E288G,0.030116,-5.0533
288,E,H,E288H,0.38988,-1.3589
288,E,I,E288I,0.35609,-1.4897
288,E,K,E288K,0.08466,-3.5622
288,E,L,E288L,0.12625,-2.9857
288,E,M,E288M,0.25293,-1.9832
288,E,N,E288N,0.18557,-2.4299
288,E,P,E288P,0.11458,-3.1255
288,E,Q,E288Q,0.68746,-0.54065
288,E,R,E288R,0.04876,-4.3582
288,E,S,E288S,0.061284,-4.0283
288,E,T,E288T,0.11033,-3.1801
288,E,V,E288V,0.065539,-3.9315
288,E,W,E288W,0.10522,-3.2486
288,E,Y,E288Y,0.2752,-1.8614
289,H,*,H289*,0.32883,-1.6046
289,H,A,H289A,0.16457,-2.6032
289,H,C,H289C,0.30889,-1.6949
289,H,D,H289D,0.33309,-1.586
289,H,E,H289E,0.28565,-1.8077
289,H,F,H289F,0.41093,-1.283
289,H,G,H289G,0.030773,-5.0222
289,H,H,H289H,1,0
289,H,I,H289I,0.27592,-1.8577
289,H,K,H289K,0.60299,-0.72979
289,H,L,H289L,0.068661,-3.8644
289,H,M,H289M,0.22922,-2.1252
289,H,N,H289N,0.35103,-1.5103
289,H,P,H289P,0.15569,-2.6833
289,H,Q,H289Q,0.19942,-2.3261
289,H,R,H289R,0.1074,-3.2189
289,H,S,H289S,0.096576,-3.3722
289,H,T,H289T,0.13982,-2.8384
289,H,V,H289V,0.11221,-3.1558
289,H,W,H289W,0.17825,-2.488
289,H,Y,H289Y,0.70164,-0.51121
290,A,*,A290*,0.15611,-2.6794
290,A,A,A290A,1,0
290,A,C,A290C,0.83353,-0.2627
290,A,D,A290D,0.52298,-0.93517
290,A,E,A290E,0.88049,-0.18361
290,A,F,A290F,0.3891,-1.3618
290,A,G,A290G,0.23617,-2.0821
290,A,H,A290H,1.4682,0.55401
290,A,I,A290I,1.6783,0.74696
290,A,K,A290K,1.0206,0.029359
290,A,L,A290L,1.4829,0.56839
290,A,M,A290M,0.96941,-0.044816
290,A,N,A290N,0.5631,-0.82855
290,A,P,A290P,0.14809,-2.7555
290,A,Q,A290Q,1.0254,0.036194
290,A,R,A290R,0.91643,-0.1259
290,A,S,A290S,0.88033,-0.18389
290,A,T,A290T,0.6933,-0.52845
290,A,V,A290V,0.66806,-0.58195
290,A,W,A290W,0.63012,-0.6663
290,A,Y,A290Y,0.55173,-0.85797
291,E,*,E291*,0.17661,-2.5014
291,E,A,E291A,0.22,-2.1844
291,E,C,E291C,0.11118,-3.169
291,E,D,E291D,1.3858,0.47068
291,E,E,E291E,1,0
291,E,F,E291F,0.10631,-3.2336
291,E,G,E291G,0.39904,-1.3254
291,E,H,E291H,0.59623,-0.74606
291,E,I,E291I,0.12265,-3.0273
291,E,K,E291K,0.19684,-2.3449
291,E,L,E291L,0.036852,-4.7621
291,E,M,E291M,0.10325,-3.2757
291,E,N,E291N,0.81706,-0.29148
291,E,P,E291P,0.099152,-3.3342
291,E,Q,E291Q,0.4101,-1.286
291,E,R,E291R,0.12377,-3.0143
291,E,S,E291S,0.53136,-0.91224
291,E,T,E291T,0.26262,-1.929
291,E,V,E291V,0.059727,-4.0655
291,E,W,E291W,0.096579,-3.3721
291,E,Y,E291Y,0.097831,-3.3536
292,T,*,T292*,0.095957,-3.3815
292,T,A,T292A,0.40767,-1.2945
292,T,C,T292C,0.16944,-2.5611
292,T,D,T292D,0.8348,-0.26049
292,T,E,T292E,0.18924,-2.4017
292,T,F,T292F,0.1699,-2.5572
292,T,G,T292G,0.53295,-0.90792
292,T,H,T292H,0.22804,-2.1327
292,T,I,T292I,0.15566,-2.6835
292,T,K,T292K,0.23614,-2.0823
292,T,L,T292L,0.073356,-3.769
292,T,M,T292M,0.12489,-3.0012
292,T,N,T292N,0.26226,-1.9309
292,T,P,T292P,0.064994,-3.9435
292,T,Q,T292Q,0.34444,-1.5377
292,T,R,T292R,0.084787,-3.56
292,T,S,T292S,1.2216,0.28881
292,T,T,T292T,1,0
292,T,V,T292V,0.070481,-3.8266
292,T,W,T292W,0.081194,-3.6225
292,T,Y,T292Y,0.18427,-2.4401
293,W,*,W293*,0.029132,-5.1012
293,W,A,W293A,0.042881,-4.5435
293,W,C,W293C,0.065105,-3.9411
293,W,D,W293D,0.14806,-2.7557
293,W,E,W293E,0.07595,-3.7188
293,W,F,W293F,0.64271,-0.63777
293,W,G,W293G,0.034104,-4.8739
293,W,H,W293H,0.12851,-2.9601
293,W,I,W293I,0.13435,-2.896
293,W,K,W293K,0.17463,-2.5177
293,W,L,W293L,0.059265,-4.0767
293,W,M,W293M,0.10885,-3.1995
293,W,N,W293N,0.1533,-2.7056
293,W,P,W293P,0.063169,-3.9846
293,W,Q,W293Q,0.12,-3.0589
293,W,R,W293R,0.015784,-5.9854
293,W,S,W293S,0.037107,-4.7521
293,W,T,W293T,0.061468,-4.024
293,W,V,W293V,0.034238,-4.8683
293,W,W,W293W,1,0
293,W,Y,W293Y,0.20836,-2.2628
294,F,*,F294*,0.074351,-3.7495
294,F,A,F294A,0.044854,-4.4786
294,F,C,F294C,0.09841,-3.3451
294,F,D,F294D,0.13632,-2.875
294,F,E,F294E,0.084059,-3.5725
294,F,F,F294F,1,0
294,F,G,F294G,0.028075,-5.1546
294,F,H,F294H,0.31364,-1.6728
294,F,I,F294I,0.16464,-2.6026
294,F,K,F294K,0.14757,-2.7605
294,F,L,F294L,0.14063,-2.83
294,F,M,F294M,0.14828,-2.7536
294,F,N,F294N,0.13577,-2.8807
294,F,P,F294P,0.07569,-3.7237
294,F,Q,F294Q,0.13833,-2.8539
294,F,R,F294R,0.042594,-4.5532
294,F,S,F294S,0.06113,-4.032
294,F,T,F294T,0.10184,-3.2956
294,F,V,F294V,0.055481,-4.1719
294,F,W,F294W,0.10485,-3.2536
294,F,Y,F294Y,1.0877,0.12122
295,L,*,L295*,0.060956,-4.0361
295,L,A,L295A,0.61859,-0.69295
295,L,C,L295C,1.2191,0.28585
295,L,D,L295D,0.29386,-1.7668
295,L,E,L295E,1.6007,0.6787
295,L,F,L295F,0.95456,-0.067092
295,L,G,L295G,0.024858,-5.3302
295,L,H,L295H,0.82125,-0.28411
295,L,I,L295I,1.1742,0.23163
295,L,K,L295K,0.5038,-0.98908
295,L,L,L295L,1,0
295,L,M,L295M,1.1582,0.21185
295,L,N,L295N,0.76995,-0.37716
295,L,P,L295P,0.026916,-5.2154
295,L,Q,L295Q,1.0594,0.083211
295,L,R,L295R,0.6607,-0.59793
295,L,S,L295S,0.56681,-0.81905
295,L,T,L295T,1.1952,0.25727
295,L,V,L295V,0.99858,-0.0020572
295,L,W,L295W,0.59943,-0.73834
295,L,Y,L295Y,0.52581,-0.92739
296,D,*,D296*,0.10711,-3.2229
296,D,A,D296A,0.088499,-3.4982
296,D,C,D296C,0.13823,-2.8548
296,D,D,D296D,1,0
296,D,E,D296E,0.098786,-3.3395
296,D,F,D296F,0.2102,-2.2501
296,D,G,D296G,0.06592,-3.9231
296,D,H,D296H,0.15279,-2.7103
296,D,I,D296I,0.17866,-2.4847
296,D,K,D296K,0.17412,-2.5218
296,D,L,D296L,0.055785,-4.164
296,D,M,D296M,0.14651,-2.7709
296,D,N,D296N,0.03782,-4.7247
296,D,P,D296P,0.079157,-3.6591
296,D,Q,D296Q,0.13596,-2.8787
296,D,R,D296R,0.03487,-4.8419
296,D,S,D296S,0.053931,-4.2127
296,D,T,D296T,0.092962,-3.4272
296,D,V,D296V,0.090125,-3.4719
296,D,W,D296W,0.079611,-3.6509
296,D,Y,D296Y,0.7609,-0.39422
297,E,*,E297*,0.26135,-1.9359
297,E,A,E297A,1.3916,0.47672
297,E,C,E297C,0.57755,-0.79198
297,E,D,E297D,0.65773,-0.60444
297,E,E,E297E,1,0
297,E,F,E297F,0.25311,-1.9822
297,E,G,E297G,0.50802,-0.97705
297,E,H,E297H,0.4767,-1.0689
297,E,I,E297I,0.86153,-0.21502
297,E,K,E297K,0.70208,-0.51029
297,E,L,E297L,0.59883,-0.73978
297,E,M,E297M,0.88146,-0.18203
297,E,N,E297N,1.034,0.048261
297,E,P,E297P,0.85524,-0.2256
297,E,Q,E297Q,1.3713,0.45559
297,E,R,E297R,0.75648,-0.40262
297,E,S,E297S,0.70583,-0.50261
297,E,T,E297T,1.0154,0.022098
297,E,V,E297V,0.69489,-0.52514
297,E,W,E297W,0.14072,-2.8291
297,E,Y,E297Y,0.24232,-2.045
298,N,*,N298*,0.14627,-2.7733
298,N,A,N298A,0.54511,-0.87539
298,N,C,N298C,0.30587,-1.709
298,N,D,N298D,0.074192,-3.7526
298,N,E,N298E,0.35931,-1.4767
298,N,F,N298F,0.18784,-2.4124
298,N,G,N298G,0.21728,-2.2024
298,N,H,N298H,1.3823,0.46702
298,N,I,N298I,0.17464,-2.5175
298,N,K,N298K,0.26062,-1.94
298,N,L,N298L,0.17246,-2.5357
298,N,M,N298M,0.1606,-2.6385
298,N,N,N298N,1,0
298,N,P,N298P,0.049696,-4.3307
298,N,Q,N298Q,0.36919,-1.4375
298,N,R,N298R,0.38621,-1.3726
298,N,S,N298S,0.59622,-0.74609
298,N,T,N298T,0.34971,-1.5158
298,N,V,N298V,0.095369,-3.3903
298,N,W,N298W,0.12064,-3.0512
298,N,Y,N298Y,0.10568,-3.2423
299,H,*,H299*,0.19154,-2.3843
299,H,A,H299A,0.742,-0.4305
299,H,C,H299C,0.22988,-2.121
299,H,D,H299D,0.23592,-2.0836
299,H,E,H299E,0.20161,-2.3104
299,H,F,H299F,0.21269,-2.2332
299,H,G,H299G,0.086051,-3.5387
299,H,H,H299H,1,0
299,H,I,H299I,0.23445,-2.0926
299,H,K,H299K,0.36481,-1.4548
299,H,L,H299L,0.057006,-4.1328
299,H,M,H299M,0.33553,-1.5755
299,H,N,H299N,1.1234,0.16785
299,H,P,H299P,0.3645,-1.456
299,H,Q,H299Q,1.0414,0.058576
299,H,R,H299R,0.047014,-4.4108
299,H,S,H299S,0.42932,-1.2199
299,H,T,H299T,0.18496,-2.4347
299,H,V,H299V,0.21377,-2.2259
299,H,W,H299W,0.37728,-1.4063
299,H,Y,H299Y,0.072187,-3.7921
300,P,*,P300*,0.041223,-4.6004
300,P,A,P300A,0.039605,-4.6582
300,P,C,P300C,0.089106,-3.4883
300,P,D,P300D,0.098335,-3.3462
300,P,E,P300E,0.088868,-3.4922
300,P,F,P300F,0.13133,-2.9288
300,P,G,P300G,0.047312,-4.4016
300,P,H,P300H,0.063416,-3.979
300,P,I,P300I,0.08009,-3.6422
300,P,K,P300K,0.080637,-3.6324
300,P,L,P300L,0.027212,-5.1996
300,P,M,P300M,0.079638,-3.6504
300,P,N,P300N,0.086584,-3.5298
300,P,P,P300P,1,0
300,P,Q,P300Q,0.082707,-3.5958
300,P,R,P300R,0.022645,-5.4647
300,P,S,P300S,0.05716,-4.1289
300,P,T,P300T,0.054638,-4.1939
300,P,V,P300V,0.044862,-4.4784
300,P,W,P300W,0.081779,-3.6121
300,P,Y,P300Y,0.081494,-3.6172
301,Y,*,Y301*,0.051713,-4.2733
301,Y,A,Y301A,0.031808,-4.9745
301,Y,C,Y301C,0.072459,-3.7867
301,Y,D,Y301D,0.03891,-4.6837
301,Y,E,Y301E,0.074739,-3.742
301,Y,F,Y301F,0.057835,-4.1119
301,Y,G,Y301G,0.020245,-5.6263
301,Y,H,Y301H,0.069758,-3.8415
301,Y,I,Y301I,0.054354,-4.2015
301,Y,K,Y301K,0.0753,-3.7312
301,Y,L,Y301L,0.025167,-5.3123
301,Y,M,Y301M,0.083202,-3.5872
301,Y,N,Y301N,0.049713,-4.3302
301,Y,P,Y301P,0.032869,-4.9271
301,Y,Q,Y301Q,0.067017,-3.8993
301,Y,R,Y301R,0.019885,-5.6522
301,Y,S,Y301S,0.026427,-5.2419
301,Y,T,Y301T,0.031408,-4.9927
301,Y,V,Y301V,0.030528,-5.0337
301,Y,W,Y301W,0.087143,-3.5205
301,Y,Y,Y301Y,1,0
302,R,*,R302*,0.05769,-4.1155
302,R,A,R302A,0.05114,-4.2894
302,R,C,R302C,0.095265,-3.3919
302,R,D,R302D,0.1118,-3.1611
302,R,E,R302E,0.10091,-3.3088
302,R,F,R302F,0.11373,-3.1363
302,R,G,R302G,0.071436,-3.8072
302,R,H,R302H,0.097431,-3.3595
302,R,I,R302I,0.077728,-3.6854
302,R,K,R302K,0.13256,-2.9153
302,R,L,R302L,0.0286,-5.1278
302,R,M,R302M,0.071359,-3.8088
302,R,N,R302N,0.11574,-3.111
302,R,P,R302P,0.049231,-4.3443
302,R,Q,R302Q,0.075098,-3.7351
302,R,R,R302R,1,0
302,R,S,R302S,0.089076,-3.4888
302,R,T,R302T,0.045363,-4.4623
302,R,V,R302V,0.040463,-4.6272
302,R,W,R302W,0.049593,-4.3337
302,R,Y,R302Y,0.1047,-3.2556
303,T,*,T303*,0.082779,-3.5946
303,T,A,T303A,0.064943,-3.9447
303,T,C,T303C,0.11733,-3.0913
303,T,D,T303D,0.11756,-3.0886
303,T,E,T303E,0.10721,-3.2215
303,T,F,T303F,0.13687,-2.8691
303,T,G,T303G,0.050349,-4.3119
303,T,H,T303H,0.10632,-3.2335
303,T,I,T303I,0.098826,-3.339
303,T,K,T303K,0.12178,-3.0377
303,T,L,T303L,0.03447,-4.8585
303,T,M,T303M,0.096282,-3.3766
303,T,N,T303N,0.097148,-3.3637
303,T,P,T303P,0.048365,-4.3699
303,T,Q,T303Q,0.088678,-3.4953
303,T,R,T303R,0.030584,-5.0311
303,T,S,T303S,0.029494,-5.0834
303,T,T,T303T,1,0
303,T,V,T303V,0.095555,-3.3875
303,T,W,T303W,0.17134,-2.545
303,T,Y,T303Y,0.099748,-3.3256
304,W,*,W304*,0.015349,-6.0257
304,W,A,W304A,0.064034,-3.965
304,W,C,W304C,0.10223,-3.2901
304,W,D,W304D,0.21926,-2.1893
304,W,E,W304E,0.10094,-3.3084
304,W,F,W304F,0.14298,-2.8061
304,W,G,W304G,0.034624,-4.8521
304,W,H,W304H,0.12321,-3.0209
304,W,I,W304I,0.21129,-2.2427
304,W,K,W304K,0.10689,-3.2258
304,W,L,W304L,0.050647,-4.3034
304,W,M,W304M,0.11664,-3.0998
304,W,N,W304N,0.16099,-2.6349
304,W,P,W304P,0.06834,-3.8711
304,W,Q,W304Q,0.096784,-3.3691
304,W,R,W304R,0.059933,-4.0605
304,W,S,W304S,0.042094,-4.5702
304,W,T,W304T,0.056916,-4.135
304,W,V,W304V,0.058937,-4.0847
304,W,W,W304W,1,0
304,W,Y,W304Y,0.097282,-3.3617
305,A,*,A305*,0.18822,-2.4095
305,A,A,A305A,1,0
305,A,C,A305C,0.12995,-2.944
305,A,D,A305D,0.10086,-3.3095
305,A,E,A305E,0.081985,-3.6085
305,A,F,A305F,0.15978,-2.6459
305,A,G,A305G,0.43823,-1.1903
305,A,H,A305H,0.088029,-3.5059
305,A,I,A305I,0.11025,-3.1812
305,A,K,A305K,0.15028,-2.7342
305,A,L,A305L,0.045615,-4.4544
305,A,M,A305M,0.22025,-2.1828
305,A,N,A305N,0.094927,-3.397
305,A,P,A305P,0.025918,-5.2699
305,A,Q,A305Q,0.14235,-2.8124
305,A,R,A305R,0.037011,-4.7559
305,A,S,A305S,0.035624,-4.811
305,A,T,A305T,0.072706,-3.7818
305,A,V,A305V,0.055889,-4.1613
305,A,W,A305W,0.25388,-1.9778
305,A,Y,A305Y,0.12355,-3.0169
306,Y,*,Y306*,0.035473,-4.8171
306,Y,A,Y306A,0.036399,-4.7799
306,Y,C,Y306C,0.040745,-4.6172
306,Y,D,Y306D,0.057318,-4.1249
306,Y,E,Y306E,0.091699,-3.4469
306,Y,F,Y306F,0.058363,-4.0988
306,Y,G,Y306G,0.027353,-5.1922
306,Y,H,Y306H,0.039605,-4.6582
306,Y,I,Y306I,0.113,-3.1456
306,Y,K,Y306K,0.16925,-2.5628
306,Y,L,Y306L,0.046491,-4.4269
306,Y,M,Y306M,0.17604,-2.506
306,Y,N,Y306N,0.059217,-4.0778
306,Y,P,Y306P,0.046277,-4.4336
306,Y,Q,Y306Q,0.15443,-2.695
306,Y,R,Y306R,0.038964,-4.6817
306,Y,S,Y306S,0.026831,-5.22
306,Y,T,Y306T,0.043261,-4.5308
306,Y,V,Y306V,0.040578,-4.6231
306,Y,W,Y306W,0.073131,-3.7734
306,Y,Y,Y306Y,1,0
307,H,*,H307*,0.087033,-3.5223
307,H,A,H307A,0.061213,-4.03
307,H,C,H307C,0.14582,-2.7777
307,H,D,H307D,0.144,-2.7959
307,H,E,H307E,0.12048,-3.0531
307,H,F,H307F,0.10307,-3.2783
307,H,G,H307G,0.037937,-4.7203
307,H,H,H307H,1,0
307,H,I,H307I,0.21254,-2.2342
307,H,K,H307K,0.13622,-2.876
307,H,L,H307L,0.031923,-4.9693
307,H,M,H307M,0.13694,-2.8684
307,H,N,H307N,0.24865,-2.0078
307,H,P,H307P,0.037309,-4.7444
307,H,Q,H307Q,0.048139,-4.3766
307,H,R,H307R,0.010352,-6.594
307,H,S,H307S,0.035992,-4.7962
307,H,T,H307T,0.064475,-3.9551
307,H,V,H307V,0.056038,-4.1575
307,H,W,H307W,0.10142,-3.3015
307,H,Y,H307Y,0.1723,-2.537
308,G,*,G308*,0.052251,-4.2584
308,G,A,G308A,0.019179,-5.7043
308,G,C,G308C,0.067504,-3.8889
308,G,D,G308D,0.061118,-4.0323
308,G,E,G308E,0.020883,-5.5815
308,G,F,G308F,0.13494,-2.8896
308,G,G,G308G,1,0
308,G,H,G308H,0.072336,-3.7891
308,G,I,G308I,0.10245,-3.287
308,G,K,G308K,0.079585,-3.6514
308,G,L,G308L,0.028628,-5.1264
308,G,M,G308M,0.069445,-3.848
308,G,N,G308N,0.075831,-3.7211
308,G,P,G308P,0.039027,-4.6794
308,G,Q,G308Q,0.074386,-3.7488
308,G,R,G308R,0.01672,-5.9023
308,G,S,G308S,0.023343,-5.4209
308,G,T,G308T,0.036222,-4.787
308,G,V,G308V,0.035942,-4.7982
308,G,W,G308W,0.052381,-4.2548
308,G,Y,G308Y,0.095139,-3.3938
309,S,*,S309*,0.035723,-4.807
309,S,A,S309A,0.089566,-3.4809
309,S,C,S309C,0.10042,-3.3158
309,S,D,S309D,0.11949,-3.0651
309,S,E,S309E,0.087445,-3.5155
309,S,F,S309F,0.083119,-3.5887
309,S,G,S309G,0.043755,-4.5144
309,S,H,S309H,0.039857,-4.649
309,S,I,S309I,0.040778,-4.6161
309,S,K,S309K,0.065343,-3.9358
309,S,L,S309L,0.03461,-4.8527
309,S,M,S309M,0.063501,-3.9771
309,S,N,S309N,0.016191,-5.9486
309,S,P,S309P,0.024501,-5.351
309,S,Q,S309Q,0.065086,-3.9415
309,S,R,S309R,0.027628,-5.1777
309,S,S,S309S,1,0
309,S,T,S309T,0.024629,-5.3435
309,S,V,S309V,0.064808,-3.9477
309,S,W,S309W,0.059903,-4.0612
309,S,Y,S309Y,0.05532,-4.1761
310,Y,*,Y310*,0.056962,-4.1339
310,Y,A,Y310A,0.043521,-4.5222
310,Y,C,Y310C,0.074577,-3.7451
310,Y,D,Y310D,0.062557,-3.9987
310,Y,E,Y310E,0.11641,-3.1027
310,Y,F,Y310F,0.45525,-1.1353
310,Y,G,Y310G,0.047133,-4.4071
310,Y,H,Y310H,0.063653,-3.9736
310,Y,I,Y310I,0.093051,-3.4258
310,Y,K,Y310K,0.17595,-2.5068
310,Y,L,Y310L,0.049679,-4.3312
310,Y,M,Y310M,0.17944,-2.4784
310,Y,N,Y310N,0.063564,-3.9756
310,Y,P,Y310P,0.02629,-5.2493
310,Y,Q,Y310Q,0.21568,-2.213
310,Y,R,Y310R,0.042514,-4.5559
310,Y,S,Y310S,0.026142,-5.2575
310,Y,T,Y310T,0.038192,-4.7106
310,Y,V,Y310V,0.03683,-4.763
310,Y,W,Y310W,0.093229,-3.4231
310,Y,Y,Y310Y,1,0
311,E,*,E311*,0.25312,-1.9821
311,E,A,E311A,0.09648,-3.3736
311,E,C,E311C,0.26947,-1.8918
311,E,D,E311D,0.39896,-1.3257
311,E,E,E311E,1,0
311,E,F,E311F,0.080015,-3.6436
311,E,G,E311G,0.090482,-3.4662
311,E,H,E311H,0.14759,-2.7604
311,E,I,E311I,0.15463,-2.6931
311,E,K,E311K,0.057255,-4.1265
311,E,L,E311L,0.055541,-4.1703
311,E,M,E311M,0.15373,-2.7015
311,E,N,E311N,0.12773,-2.9688
311,E,P,E311P,0.083703,-3.5786
311,E,Q,E311Q,0.22049,-2.1812
311,E,R,E311R,0.046899,-4.4143
311,E,S,E311S,0.081803,-3.6117
311,E,T,E311T,0.13947,-2.842
311,E,V,E311V,0.046377,-4.4304
311,E,W,E311W,0.14509,-2.785
311,E,Y,E311Y,0.07629,-3.7124
312,A,*,A312*,0.1817,-2.4604
312,A,A,A312A,1,0
312,A,C,A312C,0.096878,-3.3677
312,A,D,A312D,0.059132,-4.0799
312,A,E,A312E,0.0944,-3.4051
312,A,F,A312F,0.12362,-3.016
312,A,G,A312G,0.019492,-5.681
312,A,H,A312H,0.37469,-1.4162
312,A,I,A312I,0.11943,-3.0658
312,A,K,A312K,0.1806,-2.4691
312,A,L,A312L,0.049259,-4.3435
312,A,M,A312M,0.19131,-2.386
312,A,N,A312N,0.11036,-3.1797
312,A,P,A312P,0.02248,-5.4752
312,A,Q,A312Q,0.13419,-2.8977
312,A,R,A312R,0.03913,-4.6756
312,A,S,A312S,0.54399,-0.87834
312,A,T,A312T,0.04168,-4.5845
312,A,V,A312V,0.059132,-4.0799
312,A,W,A312W,0.12657,-2.982
312,A,Y,A312Y,0.075309,-3.731
313,P,*,P313*,0.10731,-3.2201
313,P,A,P313A,0.9037,-0.14608
313,P,C,P313C,0.74392,-0.42677
313,P,D,P313D,0.48921,-1.0315
313,P,E,P313E,0.54804,-0.86766
313,P,F,P313F,0.15694,-2.6717
313,P,G,P313G,0.16625,-2.5886
313,P,H,P313H,0.66489,-0.58882
313,P,I,P313I,0.47275,-1.0809
313,P,K,P313K,1.2694,0.3441
313,P,L,P313L,0.2395,-2.0619
313,P,M,P313M,0.48524,-1.0432
313,P,N,P313N,0.46707,-1.0983
313,P,P,P313P,1,0
313,P,Q,P313Q,0.56087,-0.83427
313,P,R,P313R,0.70531,-0.50366
313,P,S,P313S,0.56632,-0.82031
313,P,T,P313T,0.68067,-0.55497
313,P,V,P313V,0.76312,-0.39003
313,P,W,P313W,0.22337,-2.1625
313,P,Y,P313Y,0.14229,-2.8131
314,T,*,T314*,0.025566,-5.2896
314,T,A,T314A,0.34238,-1.5463
314,T,C,T314C,0.15494,-2.6903
314,T,D,T314D,0.062523,-3.9995
314,T,E,T314E,0.046768,-4.4183
314,T,F,T314F,0.052837,-4.2423
314,T,G,T314G,0.061858,-4.0149
314,T,H,T314H,0.079609,-3.6509
314,T,I,T314I,0.053087,-4.2355
314,T,K,T314K,0.03916,-4.6745
314,T,L,T314L,0.021617,-5.5317
314,T,M,T314M,0.056205,-4.1532
314,T,N,T314N,0.055955,-4.1596
314,T,P,T314P,0.66631,-0.58574
314,T,Q,T314Q,0.056579,-4.1436
314,T,R,T314R,0.019954,-5.6472
314,T,S,T314S,1.219,0.28565
314,T,T,T314T,1,0
314,T,V,T314V,0.035793,-4.8042
314,T,W,T314W,0.052588,-4.2491
314,T,Y,T314Y,0.054459,-4.1987
315,Q,*,Q315*,0.051807,-4.2707
315,Q,A,Q315A,0.81243,-0.29968
315,Q,C,Q315C,0.34152,-1.5499
315,Q,D,Q315D,0.1157,-3.1115
315,Q,E,Q315E,1.2443,0.31532
315,Q,F,Q315F,0.12905,-2.954
315,Q,G,Q315G,0.13363,-2.9036
315,Q,H,Q315H,0.075452,-3.7283
315,Q,I,Q315I,0.085414,-3.5494
315,Q,K,Q315K,0.14592,-2.7767
315,Q,L,Q315L,0.020656,-5.5973
315,Q,M,Q315M,0.40422,-1.3068
315,Q,N,Q315N,0.2245,-2.1552
315,Q,P,Q315P,0.027365,-5.1916
315,Q,Q,Q315Q,1,0
315,Q,R,Q315R,0.18624,-2.4248
315,Q,S,Q315S,1.2218,0.28898
315,Q,T,Q315T,0.19288,-2.3742
315,Q,V,Q315V,0.060308,-4.0515
315,Q,W,Q315W,0.072596,-3.784
315,Q,Y,Q315Y,0.096041,-3.3802
316,G,*,G316*,0.028568,-5.1294
316,G,A,G316A,0.020401,-5.6152
316,G,C,G316C,0.035109,-4.832
316,G,D,G316D,0.031925,-4.9692
316,G,E,G316E,0.09768,-3.3558
316,G,F,G316F,0.044592,-4.4871
316,G,G,G316G,1,0
316,G,H,G316H,0.035698,-4.808
316,G,I,G316I,0.06347,-3.9778
316,G,K,G316K,0.046443,-4.4284
316,G,L,G316L,0.013376,-6.2242
316,G,M,G316M,0.043657,-4.5176
316,G,N,G316N,0.04011,-4.6399
316,G,P,G316P,0.018567,-5.7511
316,G,Q,G316Q,0.034261,-4.8673
316,G,R,G316R,0.033604,-4.8952
316,G,S,G316S,0.014518,-6.106
316,G,T,G316T,0.019657,-5.6688
316,G,V,G316V,0.041477,-4.5915
316,G,W,G316W,0.029451,-5.0855
316,G,Y,G316Y,0.037791,-4.7258
317,S,*,S317*,0.055552,-4.17
317,S,A,S317A,0.025346,-5.3021
317,S,C,S317C,0.074345,-3.7496
317,S,D,S317D,0.062731,-3.9947
317,S,E,S317E,0.051439,-4.281
317,S,F,S317F,0.051943,-4.2669
317,S,G,S317G,0.019015,-5.7167
317,S,H,S317H,0.04055,-4.6242
317,S,I,S317I,0.061319,-4.0275
317,S,K,S317K,0.069627,-3.8442
317,S,L,S317L,0.071663,-3.8026
317,S,M,S317M,0.0467,-4.4204
317,S,N,S317N,0.054806,-4.1895
317,S,P,S317P,0.028794,-5.1181
317,S,Q,S317Q,0.056843,-4.1369
317,S,R,S317R,0.019075,-5.7122
317,S,S,S317S,1,0
317,S,T,S317T,0.10703,-3.2239
317,S,V,S317V,0.030448,-5.0375
317,S,W,S317W,0.044502,-4.49
317,S,Y,S317Y,0.044744,-4.4822
318,A,*,A318*,0.034756,-4.8466
318,A,A,A318A,1,0
318,A,C,A318C,0.23854,-2.0677
318,A,D,A318D,0.054158,-4.2067
318,A,E,A318E,0.06703,-3.899
318,A,F,A318F,0.078768,-3.6662
318,A,G,A318G,0.028361,-5.14
318,A,H,A318H,0.058881,-4.0861
318,A,I,A318I,0.067543,-3.8881
318,A,K,A318K,0.051271,-4.2857
318,A,L,A318L,0.01978,-5.6598
318,A,M,A318M,0.045739,-4.4504
318,A,N,A318N,0.11941,-3.066
318,A,P,A318P,0.02345,-5.4143
318,A,Q,A318Q,0.055777,-4.1642
318,A,R,A318R,0.013303,-6.2321
318,A,S,A318S,0.55756,-0.84281
318,A,T,A318T,0.052755,-4.2445
318,A,V,A318V,0.040558,-4.6239
318,A,W,A318W,0.034136,-4.8726
318,A,Y,A318Y,0.056722,-4.14
319,S,*,S319*,0.047631,-4.392
319,S,A,S319A,0.31497,-1.6667
319,S,C,S319C,0.64708,-0.62799
319,S,D,S319D,0.098698,-3.3408
319,S,E,S319E,0.067525,-3.8884
319,S,F,S319F,0.091824,-3.445
319,S,G,S319G,0.023912,-5.3861
319,S,H,S319H,0.091824,-3.445
319,S,I,S319I,0.17852,-2.4859
319,S,K,S319K,0.072172,-3.7924
319,S,L,S319L,0.16971,-2.5589
319,S,M,S319M,0.26337,-1.9248
319,S,N,S319N,0.097101,-3.3644
319,S,P,S319P,0.039644,-4.6568
319,S,Q,S319Q,0.071833,-3.7992
319,S,R,S319R,0.028075,-5.1546
319,S,S,S319S,1,0
319,S,T,S319T,0.92807,-0.10769
319,S,V,S319V,0.43289,-1.2079
319,S,W,S319W,0.077787,-3.6843
319,S,Y,S319Y,0.097923,-3.3522
320,S,*,S320*,0.042937,-4.5416
320,S,A,S320A,0.024507,-5.3506
320,S,C,S320C,0.056686,-4.1409
320,S,D,S320D,0.064307,-3.9589
320,S,E,S320E,0.078203,-3.6766
320,S,F,S320F,0.027105,-5.2053
320,S,G,S320G,0.030855,-5.0184
320,S,H,S320H,0.056833,-4.1371
320,S,I,S320I,0.080482,-3.6352
320,S,K,S320K,0.073816,-3.7599
320,S,L,S320L,0.022645,-5.4647
320,S,M,S320M,0.089991,-3.4741
320,S,N,S320N,0.041418,-4.5936
320,S,P,S320P,0.03757,-4.7343
320,S,Q,S320Q,0.098936,-3.3374
320,S,R,S320R,0.022204,-5.4931
320,S,S,S320S,1,0
320,S,T,S320T,0.43907,-1.1875
320,S,V,S320V,0.04453,-4.4891
320,S,W,S320W,0.077394,-3.6916
320,S,Y,S320Y,0.041319,-4.597
321,L,*,L321*,0.025017,-5.3209
321,L,A,L321A,0.22257,-2.1677
321,L,C,L321C,0.5253,-0.92877
321,L,D,L321D,0.049804,-4.3276
321,L,E,L321E,0.040775,-4.6162
321,L,F,L321F,0.19749,-2.3401
321,L,G,L321G,0.018001,-5.7958
321,L,H,L321H,0.11031,-3.1804
321,L,I,L321I,0.20129,-2.3127
321,L,K,L321K,0.054808,-4.1895
321,L,L,L321L,1,0
321,L,M,L321M,2.2213,1.1514
321,L,N,L321N,0.039452,-4.6637
321,L,P,L321P,0.042788,-4.5466
321,L,Q,L321Q,0.23137,-2.1117
321,L,R,L321R,0.050897,-4.2963
321,L,S,L321S,0.065447,-3.9335
321,L,T,L321T,0.12721,-2.9747
321,L,V,L321V,0.20336,-2.2979
321,L,W,L321W,0.26093,-1.9383
321,L,Y,L321Y,0.062974,-3.9891
322,V,*,V322*,0.028078,-5.1544
322,V,A,V322A,0.012941,-6.272
322,V,C,V322C,0.26181,-1.9334
322,V,D,V322D,0.040839,-4.6139
322,V,E,V322E,0.03305,-4.9192
322,V,F,V322F,0.055337,-4.1756
322,V,G,V322G,0.023365,-5.4195
322,V,H,V322H,0.063305,-3.9815
322,V,I,V322I,0.08655,-3.5303
322,V,K,V322K,0.040839,-4.6139
322,V,L,V322L,0.077264,-3.6941
322,V,M,V322M,0.015337,-6.0268
322,V,N,V322N,0.053799,-4.2163
322,V,P,V322P,0.018233,-5.7773
322,V,Q,V322Q,0.039001,-4.6803
322,V,R,V322R,0.017713,-5.819
322,V,S,V322S,0.016036,-5.9625
322,V,T,V322T,0.025761,-5.2786
322,V,V,V322V,1,0
322,V,W,V322W,0.0402,-4.6367
322,V,Y,V322Y,0.047509,-4.3957
323,N,*,N323*,0.083766,-3.5775
323,N,A,N323A,0.042805,-4.5461
323,N,C,N323C,0.084944,-3.5573
323,N,D,N323D,0.1266,-2.9817
323,N,E,N323E,0.19216,-2.3796
323,N,F,N323F,0.095492,-3.3885
323,N,G,N323G,0.074755,-3.7417
323,N,H,N323H,0.037941,-4.7201
323,N,I,N323I,0.058933,-4.0848
323,N,K,N323K,0.091549,-3.4493
323,N,L,N323L,0.028622,-5.1267
323,N,M,N323M,0.1128,-3.1482
323,N,N,N323N,1,0
323,N,P,N323P,0.022247,-5.4902
323,N,Q,N323Q,0.088298,-3.5015
323,N,R,N323R,0.047464,-4.397
323,N,S,N323S,0.053327,-4.229
323,N,T,N323T,0.027188,-5.2009
323,N,V,N323V,0.041448,-4.5926
323,N,W,N323W,0.18131,-2.4635
323,N,Y,N323Y,0.068457,-3.8687
324,G,*,G324*,0.024525,-5.3496
324,G,A,G324A,0.094459,-3.4042
324,G,C,G324C,0.05058,-4.3053
324,G,D,G324D,0.045858,-4.4467
324,G,E,G324E,0.058045,-4.1067
324,G,F,G324F,0.067302,-3.8932
324,G,G,G324G,1,0
324,G,H,G324H,0.04903,-4.3502
324,G,I,G324I,0.060024,-4.0583
324,G,K,G324K,0.038243,-4.7087
324,G,L,G324L,0.01495,-6.0637
324,G,M,G324M,0.040034,-4.6426
324,G,N,G324N,0.047855,-4.3852
324,G,P,G324P,0.025215,-5.3096
324,G,Q,G324Q,0.050076,-4.3197
324,G,R,G324R,0.0069617,-7.1663
324,G,S,G324S,0.041882,-4.5775
324,G,T,G324T,0.030329,-5.0432
324,G,V,G324V,0.030422,-5.0387
324,G,W,G324W,0.0489,-4.354
324,G,Y,G324Y,0.041695,-4.584
325,V,*,V325*,0.061997,-4.0117
325,V,A,V325A,0.31358,-1.6731
325,V,C,V325C,1.0849,0.11755
325,V,D,V325D,0.076971,-3.6995
325,V,E,V325E,0.10525,-3.2482
325,V,F,V325F,0.42049,-1.2498
325,V,G,V325G,0.027224,-5.199
325,V,H,V325H,0.077713,-3.6857
325,V,I,V325I,0.63952,-0.64493
325,V,K,V325K,0.10011,-3.3203
325,V,L,V325L,0.77348,-0.37056
325,V,M,V325M,0.62647,-0.67468
325,V,N,V325N,0.065524,-3.9318
325,V,P,V325P,0.025306,-5.3044
325,V,Q,V325Q,0.12492,-3.0009
325,V,R,V325R,0.029514,-5.0825
325,V,S,V325S,0.028029,-5.157
325,V,T,V325T,0.45483,-1.1366
325,V,V,V325V,1,0
325,V,W,V325W,0.082663,-3.5966
325,V,Y,V325Y,0.06868,-3.864
326,V,*,V326*,0.050346,-4.312
326,V,A,V326A,1.785,0.83591
326,V,C,V326C,1.7829,0.83426
326,V,D,V326D,0.092122,-3.4403
326,V,E,V326E,0.066803,-3.9039
326,V,F,V326F,0.17168,-2.5422
326,V,G,V326G,0.016263,-5.9423
326,V,H,V326H,0.13273,-2.9134
326,V,I,V326I,0.085792,-3.543
326,V,K,V326K,0.071088,-3.8143
326,V,L,V326L,0.12416,-3.0097
326,V,M,V326M,0.24511,-2.0285
326,V,N,V326N,0.040705,-4.6186
326,V,P,V326P,0.033986,-4.8789
326,V,Q,V326Q,0.088324,-3.501
326,V,R,V326R,0.027656,-5.1763
326,V,S,V326S,1.0868,0.12004
326,V,T,V326T,2.6696,1.4166
326,V,V,V326V,1,0
326,V,W,V326W,0.066024,-3.9209
326,V,Y,V326Y,0.10098,-3.3078
327,R,*,R327*,0.044683,-4.4841
327,R,A,R327A,0.022342,-5.4841
327,R,C,R327C,0.041278,-4.5985
327,R,D,R327D,0.051144,-4.2893
327,R,E,R327E,0.070206,-3.8323
327,R,F,R327F,0.069833,-3.84
327,R,G,R327G,0.13059,-2.9368
327,R,H,R327H,0.03606,-4.7935
327,R,I,R327I,0.055667,-4.167
327,R,K,R327K,0.63414,-0.65714
327,R,L,R327L,0.019011,-5.717
327,R,M,R327M,0.061085,-4.033
327,R,N,R327N,0.029374,-5.0893
327,R,P,R327P,0.017868,-5.8065
327,R,Q,R327Q,0.051219,-4.2872
327,R,R,R327R,1,0
327,R,S,R327S,0.014165,-6.1415
327,R,T,R327T,0.016775,-5.8976
327,R,V,R327V,0.030866,-5.0179
327,R,W,R327W,0.050697,-4.302
327,R,Y,R327Y,0.038197,-4.7104
328,L,*,L328*,0.033348,-4.9063
328,L,A,L328A,0.015859,-5.9785
328,L,C,L328C,0.0414,-4.5942
328,L,D,L328D,0.032672,-4.9358
328,L,E,L328E,0.041677,-4.5846
328,L,F,L328F,0.75209,-0.41102
328,L,G,L328G,0.023482,-5.4123
328,L,H,L328H,0.050068,-4.32
328,L,I,L328I,0.2271,-2.1386
328,L,K,L328K,0.048531,-4.365
328,L,L,L328L,1,0
328,L,M,L328M,0.42876,-1.2218
328,L,N,L328N,0.019332,-5.6928
328,L,P,L328P,0.011095,-6.4939
328,L,Q,L328Q,0.025111,-5.3156
328,L,R,L328R,0.011526,-6.439
328,L,S,L328S,0.011341,-6.4623
328,L,T,L328T,0.040693,-4.6191
328,L,V,L328V,0.018595,-5.749
328,L,W,L328W,0.12549,-2.9943
328,L,Y,L328Y,0.11535,-3.1159
329,L,*,L329*,0.019004,-5.7175
329,L,A,L329A,0.015541,-6.0078
329,L,C,L329C,0.079032,-3.6614
329,L,D,L329D,0.034653,-4.8509
329,L,E,L329E,0.036806,-4.7639
329,L,F,L329F,0.038296,-4.7067
329,L,G,L329G,0.020781,-5.5886
329,L,H,L329H,0.012149,-6.363
329,L,I,L329I,0.20022,-2.3203
329,L,K,L329K,0.029897,-5.0638
329,L,L,L329L,1,0
329,L,M,L329M,0.05922,-4.0778
329,L,N,L329N,0.022701,-5.4611
329,L,P,L329P,0.031064,-5.0086
329,L,Q,L329Q,0.035155,-4.8301
329,L,R,L329R,0.011844,-6.3997
329,L,S,L329S,0.0089369,-6.806
329,L,T,L329T,0.0095112,-6.7162
329,L,V,L329V,0.075407,-3.7292
329,L,W,L329W,0.030669,-5.0271
329,L,Y,L329Y,0.02367,-5.4008
330,S,*,S330*,0.068249,-3.8731
330,S,A,S330A,0.030526,-5.0338
330,S,C,S330C,0.046819,-4.4168
330,S,D,S330D,0.041522,-4.59
330,S,E,S330E,0.058377,-4.0985
330,S,F,S330F,0.040238,-4.6353
330,S,G,S330G,0.035128,-4.8313
330,S,H,S330H,0.021858,-5.5157
330,S,I,S330I,0.043769,-4.5139
330,S,K,S330K,0.069105,-3.8551
330,S,L,S330L,0.010487,-6.5752
330,S,M,S330M,0.047327,-4.4012
330,S,N,S330N,0.037107,-4.7521
330,S,P,S330P,0.063754,-3.9713
330,S,Q,S330Q,0.048451,-4.3673
330,S,R,S330R,0.017845,-5.8084
330,S,S,S330S,1,0
330,S,T,S330T,0.87276,-0.19634
330,S,V,S330V,0.027316,-5.1941
330,S,W,S330W,0.064583,-3.9527
330,S,Y,S330Y,0.030151,-5.0516
331,K,*,K331*,0.019162,-5.7056
331,K,A,K331A,0.031223,-5.0012
331,K,C,K331C,0.055702,-4.1661
331,K,D,K331D,0.093987,-3.4114
331,K,E,K331E,0.14245,-2.8115
331,K,F,K331F,0.060066,-4.0573
331,K,G,K331G,0.032572,-4.9402
331,K,H,K331H,0.068517,-3.8674
331,K,I,K331I,0.053024,-4.2372
331,K,K,K331K,1,0
331,K,L,K331L,0.021325,-5.5513
331,K,M,K331M,0.034496,-4.8574
331,K,N,K331N,0.028466,-5.1346
331,K,P,K331P,0.057269,-4.1261
331,K,Q,K331Q,0.039456,-4.6636
331,K,R,K331R,0.03289,-4.9262
331,K,S,K331S,0.01944,-5.6848
331,K,T,K331T,0.032076,-4.9623
331,K,V,K331V,0.040249,-4.6349
331,K,W,K331W,0.072246,-3.7909
331,K,Y,K331Y,0.049057,-4.3494
332,P,*,P332*,0.031309,-4.9973
332,P,A,P332A,0.016979,-5.8801
332,P,C,P332C,0.034492,-4.8576
332,P,D,P332D,0.044228,-4.4989
332,P,E,P332E,0.080234,-3.6396
332,P,F,P332F,0.054344,-4.2017
332,P,G,P332G,0.026733,-5.2252
332,P,H,P332H,0.028109,-5.1528
332,P,I,P332I,0.039291,-4.6696
332,P,K,P332K,0.05135,-4.2835
332,P,L,P332L,0.023774,-5.3945
332,P,M,P332M,0.047961,-4.382
332,P,N,P332N,0.033632,-4.894
332,P,P,P332P,1,0
332,P,Q,P332Q,0.036143,-4.7901
332,P,R,P332R,0.011784,-6.407
332,P,S,P332S,0.026389,-5.2439
332,P,T,P332T,0.01519,-6.0407
332,P,V,P332V,0.025082,-5.3172
332,P,W,P332W,0.054722,-4.1917
332,P,Y,P332Y,0.038534,-4.6977
333,W,*,W333*,0.0096289,-6.6984
333,W,A,W333A,0.016043,-5.9619
333,W,C,W333C,0.020359,-5.6182
333,W,D,W333D,0.037384,-4.7415
333,W,E,W333E,0.044024,-4.5056
333,W,F,W333F,0.045066,-4.4718
333,W,G,W333G,0.037338,-4.7432
333,W,H,W333H,0.029204,-5.0977
333,W,I,W333I,0.037851,-4.7235
333,W,K,W333K,0.030803,-5.0208
333,W,L,W333L,0.0094327,-6.7281
333,W,M,W333M,0.030305,-5.0443
333,W,N,W333N,0.028977,-5.1089
333,W,P,W333P,0.013538,-6.2069
333,W,Q,W333Q,0.027936,-5.1617
333,W,R,W333R,0.014006,-6.1578
333,W,S,W333S,0.0096591,-6.6939
333,W,T,W333T,0.014202,-6.1378
333,W,V,W333V,0.017915,-5.8027
333,W,W,W333W,1,0
333,W,Y,W333Y,0.035542,-4.8143
334,D,*,D334*,0.053244,-4.2312
334,D,A,D334A,0.016192,-5.9486
334,D,C,D334C,0.043361,-4.5275
334,D,D,D334D,1,0
334,D,E,D334E,0.094745,-3.3998
334,D,F,D334F,0.038511,-4.6986
334,D,G,D334G,0.022574,-5.4692
334,D,H,D334H,0.017177,-5.8634
334,D,I,D334I,0.038073,-4.7151
334,D,K,D334K,0.081762,-3.6124
334,D,L,D334L,0.017979,-5.7975
334,D,M,D334M,0.086284,-3.5348
334,D,N,D334N,0.054174,-4.2063
334,D,P,D334P,0.011123,-6.4903
334,D,Q,D334Q,0.058696,-4.0906
334,D,R,D334R,0.018945,-5.722
334,D,S,D334S,0.011542,-6.4369
334,D,T,D334T,0.012709,-6.298
334,D,V,D334V,0.044072,-4.504
334,D,W,D334W,0.076146,-3.7151
334,D,Y,D334Y,0.026075,-5.2612
335,V,*,V335*,0.040968,-4.6094
335,V,A,V335A,0.047768,-4.3878
335,V,C,V335C,1.719,0.7816
335,V,D,V335D,0.039429,-4.6646
335,V,E,V335E,0.046399,-4.4298
335,V,F,V335F,0.065515,-3.932
335,V,G,V335G,0.063933,-3.9673
335,V,H,V335H,0.049991,-4.3222
335,V,I,V335I,0.076719,-3.7043
335,V,K,V335K,0.071972,-3.7964
335,V,L,V335L,0.13428,-2.8967
335,V,M,V335M,0.58523,-0.77293
335,V,N,V335N,0.045715,-4.4512
335,V,P,V335P,0.04533,-4.4634
335,V,Q,V335Q,0.055679,-4.1667
335,V,R,V335R,0.017619,-5.8267
335,V,S,V335S,0.023862,-5.3891
335,V,T,V335T,0.03558,-4.8128
335,V,V,V335V,1,0
335,V,W,V335W,0.056577,-4.1436
335,V,Y,V335Y,0.054824,-4.1891
336,V,*,V336*,0.024826,-5.332
336,V,A,V336A,0.10316,-3.277
336,V,C,V336C,0.62201,-0.685
336,V,D,V336D,0.032057,-4.9632
336,V,E,V336E,0.028924,-5.1116
336,V,F,V336F,0.045344,-4.463
336,V,G,V336G,0.042421,-4.5591
336,V,H,V336H,0.034618,-4.8523
336,V,I,V336I,0.5926,-0.75487
336,V,K,V336K,0.038625,-4.6943
336,V,L,V336L,0.10415,-3.2632
336,V,M,V336M,0.12124,-3.0441
336,V,N,V336N,0.053207,-4.2322
336,V,P,V336P,0.010997,-6.5068
336,V,Q,V336Q,0.031484,-4.9892
336,V,R,V336R,0.012714,-6.2974
336,V,S,V336S,0.024736,-5.3373
336,V,T,V336T,0.011841,-6.4001
336,V,V,V336V,1,0
336,V,W,V336W,0.047814,-4.3864
336,V,Y,V336Y,0.030099,-5.0542
337,T,*,T337*,0.028733,-5.1212
337,T,A,T337A,0.83115,-0.26682
337,T,C,T337C,0.064288,-3.9593
337,T,D,T337D,0.16203,-2.6257
337,T,E,T337E,0.58489,-0.77377
337,T,F,T337F,0.047363,-4.4001
337,T,G,T337G,0.44778,-1.1591
337,T,H,T337H,0.73773,-0.43883
337,T,I,T337I,0.40068,-1.3195
337,T,K,T337K,0.034112,-4.8736
337,T,L,T337L,0.14458,-2.79
337,T,M,T337M,1.4221,0.50799
337,T,N,T337N,0.7561,-0.40335
337,T,P,T337P,1.595,0.67355
337,T,Q,T337Q,1.5538,0.63579
337,T,R,T337R,0.012202,-6.3568
337,T,S,T337S,1.1885,0.24918
337,T,T,T337T,1,0
337,T,V,T337V,0.42915,-1.2204
337,T,W,T337W,0.74875,-0.41744
337,T,Y,T337Y,0.93099,-0.10316
